1.7232805	1.7153217	1.6903492	1.6318371	1.5589582	1.4673394	1.3741311	1.3014641	1.172382	1.096458	1.0030743	0.87000984	0.8218444	0.7657181	0.67465335	0.57995516	0.49469647	0.36583307	0.29188862	0.23039015	0.13274479	0.013507596	-0.07573266	-0.18713062	-0.27144638	-0.36376572	-0.44378576	-0.45404297	-0.37516236	-0.31559944	-0.21107724	-0.127581	-0.036438853	0.05877184	0.17179066	0.26872528	0.3610847	0.44755605	0.5254055	0.6242124	0.6613788	0.70766103	0.721133	0.7412192	0.7656681	0.7713294	0.7467332	0.72803	0.7062803	0.65224594	0.6189859	0.56088394	0.46071908	0.3804792	0.2886643	0.21826512	0.126582	0.011160808	-0.08129722	-0.1777676	-0.26111352	-0.3597864	-0.41422883	-0.4662703	-0.36120152	-0.27921695	-0.18577322	-0.10566817	-0.017335605	0.11249569	0.18959159	0.25562388	0.36882198	0.4636001	0.5559617	0.61288303	0.6859135	0.7663793	0.85585576	0.8886521	0.94755965	1.0677234	1.1530204	1.2608099	1.3867698	1.4612343	1.5624149	1.5929126	1.6620046	1.6991214	1.7241839	1.7652704	1.7125692	1.6235917	1.5142397	1.3803684	1.3015839	1.1692252	1.0509086	0.9832444	0.83160436	0.7783297	0.63757676	0.581123	0.47273907	0.4096308	0.28047848	0.2406859	0.0970803	0.049061343	-0.07288174	-0.16692542	-0.21761683	-0.35655922	-0.41351753	-0.5395875	-0.62980944	-0.8063448	-0.8976581	-1.0038592	-1.0804306	-1.1508846	-1.2366626	-1.313525	-1.393957	-1.4727737	-1.5403649	-1.6002119	-1.6617743	-1.6557857	-1.6673367	-1.5801139	-1.5145931	-1.4106138	-1.3316463	-1.2885724	-1.2228333	-1.1706523	-1.1097347	-1.0419387	-0.9850493	-0.9284855	-0.85798335	-0.7784839	-0.6902093	-0.61085945	-0.51289696	-0.4316269	-0.3386505	-0.22730581	-0.15219451	-0.08051192	-0.009029031	0.0134881325	0.059678942	0.024272768	-0.050386585	-0.12710261	-0.1865161	-0.29517603	-0.39265102	-0.5222642	-0.587754	-0.6563151	-0.73912036	-0.79709685	-0.8698668	-0.92741823	-0.990517	-1.0315495	-1.0843887	-1.1311033	-1.1686249	-1.2497298	-1.3363986	-1.4573028	-1.5398128	-1.6233816	-1.6715896	-1.673323	-1.671658	-1.6122336	-1.4936461	-1.3949101	-1.2800093	-1.1282767	-0.98090667	-0.86692977	-0.7695996	-0.6577661	-0.5420353	-0.4555213	-0.35546884	-0.27186242	-0.14499912	-0.04726791	0.033174515	0.14008814	0.20951895	0.2979297	0.35525292	0.44213325	0.5284617	0.5903463	0.63204694	0.5787128	0.50333583	0.4409205	0.3924799	0.28963494	0.19203125	0.07127387	-0.03812507	-0.13559824	-0.22381946	-0.32118943	-0.41337684	-0.51313365	-0.6185287	-0.7243343	-0.8456516	-0.97299707	-1.061521	-1.1684774	-1.2379825	-1.3023192	-1.2617806	-1.2140639	-1.120129	-1.0359468	-0.9519672	-0.85471404	-0.75352067	-0.66968584	-0.5481559	-0.44700634	-0.33897457	-0.23201007	-0.12857448	-0.039383303	0.044219337	0.1368754	0.23200665	0.34793973	0.44807416	0.57440096	0.70130616	0.801554	0.9330252	1.0403076	1.1265429	1.2302111	1.345303	1.415492	1.5412315	1.6505888	1.7314143	1.8302445	1.9326996	1.983407	2.044384	2.1360319	2.2346969	2.281896	2.2426968	2.1761458	2.0478911	1.9893453	1.9139295	1.8251213	1.7881064	1.6302072	1.5467238	1.4090891	1.3598539	1.2199336	1.1365126	1.0177968	0.85118115	0.7830474	0.6265645	0.5264277	0.42082655	0.2957881	0.15188316	0.09556717	-0.025286974	-0.13862202	-0.24650174	-0.3678001	-0.48017293	-0.5170308	-0.56003314	-0.5402814	-0.46965134	-0.42691246	-0.45838666	-0.547063	-0.60339457	-0.5910305	-0.59949005	-0.570691	-0.50960684	-0.4431513	-0.40041614	-0.4554137	-0.5281478	-0.59228736	-0.54458094	-0.5088069	-0.46821275	-0.37259394	-0.23988146	-0.135257	-0.0423927	0.07148867	0.19981058	0.30750147	0.40754887	0.49381083	0.62168425	0.74617535	0.85376185	0.94315565	1.071869	1.1734821	1.3023536	1.4012904	1.4703605	1.5802954	1.6775595	1.7526169	1.8341303	1.9302912	2.015415	2.045193	2.1338723	2.2050009	2.2548275	2.2028196	2.0717723	1.9794935	1.9074761	1.8594344	1.7749965	1.6878523	1.629469	1.5184522	1.4062845	1.3281788	1.1952425	1.149274	1.0024664	0.9244628	0.7682272	0.6898271	0.5916884	0.43138704	0.38856775	0.252281	0.19087377	0.04563074	-0.04997186	-0.18837121	-0.22796278	-0.3564652	-0.48938054	-0.5492739	-0.6774915	-0.72001356	-0.8189741	-0.91987884	-1.0150111	-1.1030188	-1.1988819	-1.2895806	-1.3079916	-1.294522	-1.2230903	-1.1285647	-1.0439994	-0.9576565	-0.85779303	-0.7278667	-0.6300443	-0.5173585	-0.43610618	-0.29028174	-0.18214743	-0.074034914	0.03238753	0.11333881	0.24533592	0.32896987	0.4024477	0.46727803	0.5465118	0.6072514	0.5556091	0.5120151	0.46677268	0.3624935	0.31715375	0.20192297	0.08835612	-0.016152004	-0.13029675	-0.21767357	-0.3150748	-0.44142947	-0.56097656	-0.6517331	-0.7936663	-0.867195	-1.01123	-1.107553	-1.2594843	-1.3754396	-1.4805244	-1.5944921	-1.6855687	-1.6947002	-1.6664501	-1.5914341	-1.5305856	-1.4397155	-1.3564469	-1.2479664	-1.1974505	-1.158262	-1.1070602	-1.058815	-1.0072225	-0.96155685	-0.9099376	-0.8434926	-0.80047846	-0.7005342	-0.64765096	-0.5780907	-0.5246256	-0.41708165	-0.32883525	-0.24433607	-0.15845488	-0.082353525	-0.028649453	0.024329154	-0.011505005	-0.059979394	-0.12474222	-0.17354564	-0.22609085	-0.31950676	-0.39777035	-0.47553706	-0.5547126	-0.6324131	-0.71682274	-0.7825432	-0.8807174	-0.93810666	-1.0033263	-1.0549531	-1.1273631	-1.2025409	-1.2313696	-1.2797018	-1.3474973	-1.4024123	-1.4934847	-1.5809896	-1.6620444	-1.6874324	-1.6726694	-1.6590267	-1.5832894	-1.5350475	-1.4664025	-1.3921095	-1.3131214	-1.2251669	-1.1489024	-1.0496687	-0.9674098	-0.8587921	-0.7572852	-0.6406847	-0.5388551	-0.42733982	-0.34548664	-0.26366034	-0.18670876	-0.10502561	-0.0071157804	0.086446494	0.16328153	0.25542518	0.35092857	0.43320215	0.5246333	0.6163685	0.72289985	0.82802	0.9330939	1.0322138	1.152745	1.2607857	1.3518915	1.4616259	1.53359	1.6457623
1.6680628	1.7260685	1.8002775	1.7825602	1.7470084	1.6366731	1.5299125	1.4213299	1.3294076	1.2202332	1.1222975	1.0812821	0.98147464	0.903566	0.802291	0.725333	0.62395376	0.5557296	0.43315622	0.35880545	0.27721468	0.15738262	0.07757045	-0.032224745	-0.11316013	-0.20679717	-0.28999025	-0.31781322	-0.23726536	-0.1653142	-0.06638684	0.015196187	0.10557978	0.19725408	0.2911076	0.40628025	0.48120412	0.56813526	0.68930507	0.76419646	0.8253718	0.9140179	0.94928783	0.99099624	1.0114012	1.0124152	1.0339247	1.0648514	1.0534062	1.019642	0.99785703	0.9931576	0.96600443	0.92259514	0.8878771	0.80511224	0.76132476	0.6546168	0.58676493	0.46912983	0.41243464	0.3051017	0.24303909	0.1308842	0.034803625	-0.051194135	-0.15839884	-0.23261864	-0.31506586	-0.3776582	-0.2980588	-0.19738102	-0.1236697	-0.021486811	0.06405677	0.1632285	0.26372525	0.33776966	0.43238595	0.50107586	0.60619956	0.6850968	0.7829646	0.859334	0.94728565	1.0209008	1.0909417	1.1677669	1.2222881	1.2803621	1.4031938	1.496041	1.6209126	1.7139201	1.7998981	1.8695333	1.8731189	1.8335363	1.7465773	1.6446657	1.5342885	1.4125317	1.3142935	1.1652354	1.11484	0.9848427	0.89221203	0.83101416	0.7081685	0.6525082	0.52537113	0.47639132	0.35291073	0.3047773	0.20133887	0.13343126	0.032025952	-0.08959346	-0.13408901	-0.24945155	-0.3239004	-0.44355935	-0.50921047	-0.66019034	-0.826704	-0.9317454	-1.0264112	-1.1186683	-1.1767908	-1.2923068	-1.3226744	-1.4311663	-1.4602232	-1.5319177	-1.6245995	-1.6577709	-1.7132096	-1.7620556	-1.798387	-1.7759538	-1.72985	-1.647636	-1.5630708	-1.4570503	-1.37175	-1.3437816	-1.3336457	-1.2783384	-1.230081	-1.1648629	-1.1340529	-1.0711263	-1.0124384	-0.96468157	-0.8956072	-0.79287106	-0.7348676	-0.6597598	-0.5439328	-0.46849602	-0.38470706	-0.2992348	-0.20678662	-0.10520765	-0.09018138	-0.06384	-0.07139508	-0.18259546	-0.2746617	-0.41906792	-0.48669806	-0.5837373	-0.64537346	-0.7158838	-0.7708984	-0.83915395	-0.90233296	-0.9204351	-0.9958177	-1.0295728	-1.0753394	-1.0924354	-1.1303806	-1.1780657	-1.2037216	-1.2871822	-1.3526099	-1.4525342	-1.5367095	-1.6120268	-1.6668272	-1.6572467	-1.657299	-1.5909379	-1.4967033	-1.3785158	-1.2603985	-1.1487132	-1.0283583	-0.905212	-0.7852642	-0.6837492	-0.57203144	-0.47770542	-0.37816638	-0.28750455	-0.16205321	-0.06247013	0.07540665	0.19574164	0.32017812	0.43706676	0.52725846	0.63445467	0.72619534	0.82189447	0.842461	0.90647703	0.86022663	0.81172687	0.72402805	0.6060868	0.5277393	0.42186153	0.30561972	0.19158207	0.08598987	-0.037097156	-0.116840646	-0.23867945	-0.33878312	-0.45899493	-0.5278359	-0.62829685	-0.77255064	-0.8454473	-0.92541015	-1.0344684	-1.1146606	-1.1373055	-1.097057	-1.0013642	-0.91961014	-0.8369269	-0.75050825	-0.6329083	-0.543693	-0.451254	-0.3823951	-0.26248267	-0.15373474	-0.036125965	0.06625089	0.1606245	0.2589085	0.3801336	0.46060807	0.578145	0.6618008	0.78197694	0.88267	1.0104188	1.106789	1.2298481	1.3551745	1.4573326	1.5702124	1.6980286	1.781187	1.9086145	1.9877117	2.039241	2.0675979	1.970954	1.897859	1.8077061	1.6697501	1.5267938	1.4228377	1.3690871	1.2976772	1.1329143	1.0202489	0.920592	0.8235055	0.72466487	0.62738425	0.5742157	0.4525104	0.34144005	0.22621529	0.12482204	-0.010221399	-0.11485052	-0.17594479	-0.21357912	-0.1848385	-0.10775083	-0.051232822	-0.05596192	-0.16216835	-0.22355333	-0.26386225	-0.27612936	-0.26951367	-0.19020313	-0.10686879	-0.049738906	-0.006942946	-0.09263188	-0.17345494	-0.2347016	-0.20977357	-0.1529525	-0.10238102	0.036676202	0.13706756	0.2129459	0.31582674	0.42028287	0.5656881	0.6590182	0.7325916	0.8643081	0.97237015	1.0411804	1.1536113	1.2932028	1.3600912	1.4975867	1.5649168	1.6473824	1.7326676	1.8658599	1.9875437	2.0845318	2.1677814	2.1890817	2.1503422	2.0857594	1.9345316	1.8477483	1.7276782	1.6116128	1.4914459	1.3735679	1.2757462	1.1585808	1.0151403	0.9567316	0.8226808	0.71245116	0.6274402	0.51278317	0.34321874	0.22631449	0.16658175	-0.0042298697	-0.09270323	-0.20263535	-0.28062022	-0.39744076	-0.48630387	-0.58201045	-0.7064129	-0.8037613	-0.8895751	-0.9863466	-1.082193	-1.1204014	-1.1204019	-1.0633225	-0.97994703	-0.8915133	-0.80735177	-0.6968136	-0.59781504	-0.47886023	-0.38428319	-0.26319218	-0.14704408	-0.026884452	0.07375527	0.19630374	0.2816169	0.3601638	0.45120558	0.5707129	0.6600231	0.75615233	0.8162305	0.8782203	0.9105245	0.848699	0.7987595	0.71190333	0.6204922	0.55399895	0.43691552	0.34226742	0.22121935	0.12539336	-0.02312435	-0.11971235	-0.28465745	-0.37018797	-0.47173992	-0.5904658	-0.71277106	-0.8633046	-0.98022467	-1.0978223	-1.2179298	-1.3296505	-1.4363589	-1.5290169	-1.6232246	-1.6403123	-1.6647909	-1.6174603	-1.567328	-1.4817241	-1.386541	-1.3175976	-1.2593575	-1.2011654	-1.1573104	-1.1280413	-1.0920339	-1.0755476	-1.0377041	-0.9863523	-0.93359745	-0.8801165	-0.84860307	-0.7708642	-0.68475115	-0.61288273	-0.56555814	-0.5259963	-0.41387007	-0.35723162	-0.27094707	-0.20588082	-0.14728008	-0.11773103	-0.13892013	-0.20219634	-0.28722095	-0.35183835	-0.44792846	-0.5354881	-0.6440695	-0.7198027	-0.81126183	-0.87795687	-0.95982355	-0.9903841	-1.0422144	-1.0858055	-1.1591138	-1.2008346	-1.2643534	-1.2992446	-1.3278087	-1.4032998	-1.4435503	-1.5400403	-1.6492647	-1.734121	-1.8115649	-1.7938154	-1.7801917	-1.7465641	-1.7071145	-1.6347489	-1.5865481	-1.5302097	-1.4490714	-1.3869404	-1.3155875	-1.2477599	-1.1714836	-1.1009432	-0.99815017	-0.87979066	-0.75912666	-0.65445507	-0.5603787	-0.45985946	-0.36154142	-0.27512148	-0.19162045	-0.09642613	-0.014627298	0.0627604	0.15549333	0.24982299	0.33332324	0.42327803	0.51064914	0.60086346	0.6970607	0.77671856	0.88046706	0.9786813	1.0602375	1.1567234	1.2585183	1.3460127	1.46409	1.5865234
0.11063648	0.16013595	0.2552262	0.27556822	0.15906604	0.10336432	0.02312991	-0.058196623	-0.1681883	-0.2738877	-0.35607168	-0.4340338	-0.5191356	-0.6038384	-0.70265603	-0.78491956	-0.8841376	-0.961928	-1.0359578	-1.1519388	-1.2213815	-1.2908292	-1.3604656	-1.4405462	-1.4960684	-1.4403086	-1.3728085	-1.3080728	-1.2362392	-1.1427948	-1.0335639	-0.94860876	-0.8608459	-0.7724596	-0.6762185	-0.5907267	-0.48341227	-0.39120576	-0.29264915	-0.19312754	-0.08990087	0.015197838	0.12658295	0.23043911	0.338911	0.45406538	0.5650694	0.6807251	0.7864953	0.8603684	0.9523922	1.0491824	1.1574773	1.2653344	1.3724554	1.4612867	1.5889657	1.7106875	1.8026685	1.9060396	2.0340621	2.121081	2.220688	2.2253416	2.2614202	2.2237618	2.1034455	1.9634506	1.9077048	1.733979	1.620538	1.5119929	1.4469622	1.3005685	1.2153627	1.0904149	0.9803893	0.8945354	0.7464288	0.7114396	0.6057	0.5054604	0.37021798	0.34589761	0.19883488	0.13781242	0.014357835	-0.11482157	-0.22234507	-0.3223667	-0.42935884	-0.517678	-0.5456565	-0.5184711	-0.47353595	-0.41993085	-0.38397813	-0.32368362	-0.25463068	-0.19598341	-0.15652665	-0.113718614	-0.062511	-0.034890328	-0.012256548	0.026348265	0.051782962	0.080782935	0.07353701	0.095505655	0.07851572	0.084819056	0.052200183	0.029325074	0.0063411416	-0.03564665	-0.060175918	-0.115632735	-0.15677162	-0.21334106	-0.2640916	-0.29830796	-0.38346803	-0.42245695	-0.4742501	-0.5251312	-0.5981043	-0.6776188	-0.61021364	-0.5356875	-0.43511325	-0.33458087	-0.20292102	-0.12657219	-0.027083712	0.07249494	0.16240191	0.26871124	0.3528312	0.44521326	0.5274339	0.63499576	0.7224355	0.81634617	0.9072515	1.0149376	1.1145175	1.2282375	1.3359425	1.4355992	1.5676577	1.636682	1.7586805	1.881989	1.9948555	2.1023145	2.2294514	2.2673485	2.254475	2.210762	2.2062457	2.066861	1.9792233	1.8761772	1.7696333	1.6630756	1.5377097	1.450658	1.36516	1.257268	1.162932	1.0303986	0.9074027	0.88260376	0.7930251	0.6907624	0.6050467	0.49770102	0.34291434	0.26452485	0.1654658	0.03739791	-0.060048856	-0.14553712	-0.297889	-0.39096636	-0.44780552	-0.5624749	-0.6341397	-0.7342878	-0.82765573	-0.9450018	-1.0229756	-1.107047	-1.2101946	-1.2798175	-1.3313975	-1.2839202	-1.2252676	-1.1550872	-1.0625219	-0.98659545	-0.89521426	-0.7920749	-0.7080784	-0.6249624	-0.54172033	-0.44749764	-0.36311144	-0.2704831	-0.18475726	-0.08619199	0.023214947	0.10709394	0.1853056	0.2788124	0.32346717	0.37311292	0.30918473	0.2540478	0.17992462	0.072237626	-0.0142822955	-0.11514252	-0.2053627	-0.2897064	-0.37702852	-0.44963074	-0.534545	-0.6072183	-0.6841892	-0.74227333	-0.8282098	-0.9097711	-0.9675614	-1.048759	-1.0880451	-1.1816641	-1.2441818	-1.2899944	-1.3361273	-1.3771247	-1.5009377	-1.5776758	-1.6539327	-1.7079043	-1.7337276	-1.7530546	-1.7982389	-1.826427	-1.8199521	-1.7535275	-1.6668891	-1.5846038	-1.5057087	-1.4070586	-1.3046284	-1.2138492	-1.1293612	-1.0263625	-0.94378954	-0.83808255	-0.7475312	-0.660974	-0.551541	-0.4656021	-0.37852496	-0.28853822	-0.18193227	-0.09472147	-0.009891843	0.08144819	0.19559996	0.3024865	0.38768297	0.4903647	0.5641326	0.6040756	0.5947467	0.56631184	0.5284599	0.45070156	0.3295126	0.22672547	0.13444519	0.027378777	-0.053246934	-0.15723808	-0.25068432	-0.34886613	-0.42460892	-0.541587	-0.6220259	-0.70766187	-0.83631766	-0.91982067	-1.0251899	-1.1050756	-1.2007638	-1.2533673	-1.2790364	-1.2603365	-1.2059028	-1.16691	-1.1097249	-1.0656209	-0.9636439	-0.85511017	-0.7612694	-0.6705986	-0.5591049	-0.4724635	-0.37633118	-0.29200834	-0.1862353	-0.09236771	0.01951536	0.11547587	0.21267493	0.29876673	0.40950477	0.49913284	0.6077897	0.681971	0.7848383	0.8898531	0.9769716	1.0631927	1.166256	1.2345445	1.3300958	1.4178529	1.5224224	1.5945449	1.6913409	1.7650323	1.8616806	1.8574507	1.8152105	1.7547593	1.6956989	1.5955297	1.4730524	1.4238611	1.3025061	1.2416127	1.1475654	1.0862339	0.9982642	0.8514217	0.79428387	0.7064805	0.5835984	0.47413707	0.42076623	0.3271015	0.21279916	0.12369502	0.031479128	0.05456758	0.10850774	0.12638405	0.1188699	0.03900081	-0.05472513	-0.09938762	-0.060383275	-0.018302403	0.07756517	0.15563159	0.17197783	0.16438565	0.13788588	0.19996038	0.2942536	0.37310097	0.4690092	0.57982886	0.6876354	0.78484654	0.8986602	0.96146214	1.0399998	1.1539071	1.218524	1.292853	1.3827058	1.4641258	1.5559517	1.614158	1.6884941	1.7849886	1.8002899	1.7828126	1.6841258	1.5614767	1.493423	1.3910089	1.320808	1.2391659	1.2042079	1.074874	1.0425731	0.88865787	0.8289215	0.74843436	0.64696103	0.5647438	0.46115848	0.35597533	0.26676685	0.18131196	0.09674725	-0.044859182	-0.14136142	-0.28886384	-0.37807465	-0.46304438	-0.5727546	-0.63005304	-0.78466105	-0.8673941	-1.0210071	-1.1050714	-1.1120739	-1.1892095	-1.2411667	-1.2952425	-1.3222415	-1.4205387	-1.4621922	-1.4119347	-1.3341082	-1.2416419	-1.1184123	-1.0203987	-0.94509804	-0.8427937	-0.738177	-0.63262767	-0.54347897	-0.4501772	-0.3551204	-0.26982677	-0.1862069	-0.081471846	0.006161374	0.09734721	0.19169737	0.29709205	0.39379764	0.48191902	0.5611128	0.62678564	0.6330345	0.6473186	0.6033514	0.5180126	0.4459612	0.33615413	0.21394221	0.12319172	0.0153745515	-0.09049835	-0.16216227	-0.23406151	-0.3207181	-0.4089205	-0.5171331	-0.607176	-0.707171	-0.8058463	-0.8913984	-0.9949911	-1.0525701	-1.1557605	-1.2299008	-1.3474537	-1.4169649	-1.530439	-1.6011056	-1.724673	-1.784094	-1.8584822	-1.8353795	-1.8384764	-1.8182974	-1.7744957	-1.7380106	-1.6471307	-1.5723519	-1.4877198	-1.4170994	-1.364951	-1.2810723	-1.1881866	-1.1342088	-1.0756888	-0.97255206	-0.9154652	-0.86005133	-0.7985912	-0.7297077	-0.6541223	-0.57698864	-0.5039993	-0.40845585	-0.31744814	-0.22266582	-0.15767796	-0.066581935	0.007010918
1.9780158	2.0700774	2.098133	2.0525343	1.9710407	1.861302	1.7830193	1.6665884	1.5901058	1.5007846	1.4263959	1.3523241	1.2296462	1.1106933	1.0661976	0.92606735	0.86295056	0.7650635	0.64224386	0.5513273	0.47916	0.421229	0.31404236	0.23032324	0.16310136	0.07371495	-0.0045243176	-0.10635159	-0.1860975	-0.23886356	-0.3053026	-0.40432334	-0.46821347	-0.5285598	-0.6502914	-0.75039196	-0.71439004	-0.600897	-0.5532579	-0.5210462	-0.42447802	-0.3495187	-0.37270737	-0.3397122	-0.26870033	-0.24555476	-0.16517092	-0.14236803	-0.112219185	-0.14592119	-0.16634111	-0.13235034	-0.08249591	-0.12997867	-0.10842322	-0.15815495	-0.23303473	-0.25099903	-0.29589254	-0.38550025	-0.4271751	-0.4633312	-0.5035243	-0.55807406	-0.61148	-0.6653346	-0.71825	-0.8411013	-0.85245895	-0.7747041	-0.6581084	-0.57687783	-0.4895177	-0.40764657	-0.39791626	-0.26879707	-0.2577882	-0.14931372	-0.11272221	-0.024926603	0.105023175	0.19959041	0.26027337	0.28868577	0.41879648	0.43624902	0.5110257	0.62234473	0.8082387	0.90694714	0.99666417	1.0498083	1.1497394	1.2560486	1.3395592	1.4724832	1.5651716	1.6606222	1.7741448	1.8402177	1.9258244	2.0145812	2.0607274	2.0748894	2.024318	1.9680833	1.9372793	1.8026017	1.6997269	1.6084647	1.4912946	1.4166279	1.3140825	1.1889186	1.0956529	1.0059307	0.90398246	0.83360577	0.7346043	0.64693946	0.59382415	0.5006759	0.4179325	0.33441854	0.24411856	0.15697213	0.07623268	0.0016655154	-0.08721547	-0.1313321	-0.20587641	-0.29887903	-0.3452424	-0.41719487	-0.5243208	-0.5593572	-0.62950355	-0.7099079	-0.74816525	-0.81531966	-0.934417	-1.0372096	-1.1505356	-1.2865642	-1.3833703	-1.3762141	-1.4691907	-1.4536792	-1.3633739	-1.2407799	-1.1351407	-1.0775335	-0.9787186	-0.9508285	-0.85076016	-0.73441184	-0.6198035	-0.43375537	-0.31594545	-0.23646504	-0.121199735	-0.012418399	0.07258103	0.16786349	0.25671184	0.24741797	0.18540305	0.11523599	-0.038365766	-0.15339419	-0.21512546	-0.27506575	-0.3876266	-0.49514353	-0.675895	-0.69337523	-0.77962	-0.917865	-0.96669424	-0.9978668	-1.0814754	-1.1753186	-1.2651304	-1.3228931	-1.3114282	-1.4451513	-1.514173	-1.6249647	-1.6636097	-1.6988362	-1.7034577	-1.7350011	-1.8236972	-1.8394966	-1.7211932	-1.5677102	-1.4509674	-1.3310802	-1.3246456	-1.2061223	-1.123941	-1.039829	-0.95179445	-0.8702967	-0.78640944	-0.6923186	-0.60891646	-0.5121702	-0.42774966	-0.33227083	-0.18452084	-0.096862346	0.026370712	0.11480312	0.16650131	0.28174135	0.4039321	0.49244127	0.6524247	0.7093384	0.769634	0.77003217	0.6731676	0.62926185	0.5538707	0.45355996	0.37481502	0.25508302	0.12778395	0.018678952	-0.08387963	-0.13874876	-0.29710755	-0.32680795	-0.4399655	-0.5955562	-0.6530199	-0.7626311	-0.8991294	-0.93112695	-0.9934202	-1.1525642	-1.213982	-1.0989335	-1.1003926	-1.0787723	-0.95094866	-0.8876325	-0.8433959	-0.7009314	-0.65414333	-0.5599524	-0.44762638	-0.31899723	-0.2632664	-0.10999402	-0.054034535	0.08871631	0.14012647	0.2302435	0.36141878	0.47313112	0.5825409	0.6352844	0.72161794	0.84648323	0.91056055	1.0534247	1.1770116	1.1907945	1.3110197	1.434715	1.5004101	1.5903693	1.7317698	1.8679826	1.939742	2.0488338	2.0528476	2.0225174	1.97719	1.8893769	1.7647831	1.6652875	1.6211535	1.5009648	1.3899112	1.3068185	1.2019496	1.089605	0.9919179	0.9023762	0.7821179	0.70615834	0.61355704	0.49677494	0.40539292	0.32112053	0.20834602	0.14062019	0.22085136	0.27946985	0.27859375	0.19445586	0.07762732	0.028921299	0.12215354	0.27920318	0.32125106	0.30826288	0.2422775	0.23260711	0.3352694	0.4234607	0.58262515	0.7054721	0.73874724	0.8964464	0.95010024	1.0756242	1.181114	1.2871786	1.3881439	1.4848435	1.6278168	1.7174577	1.7949126	1.8526256	1.9107373	1.9466954	1.9194604	1.8309367	1.7312449	1.6683471	1.6057515	1.496115	1.3960934	1.2682439	1.1342167	1.024645	0.90489566	0.81343395	0.714508	0.6021834	0.5283335	0.4201718	0.28085172	0.20980635	0.104847245	-0.019963892	-0.10122289	-0.21760039	-0.32026324	-0.37713194	-0.49564034	-0.6381277	-0.70775807	-0.774662	-0.89766395	-1.009384	-1.0414027	-1.0790709	-1.1414065	-1.2101969	-1.2984086	-1.3485014	-1.2791132	-1.1293447	-1.0797114	-0.9903427	-0.90587467	-0.87954736	-0.7916581	-0.64409435	-0.54945713	-0.46115384	-0.4272838	-0.3047203	-0.15778083	-0.0717319	0.1165402	0.16889872	0.23580803	0.41123426	0.51191485	0.5646914	0.63218427	0.6782616	0.6954255	0.6813354	0.7816001	0.7350124	0.65264636	0.50442195	0.38789836	0.30518758	0.25812855	0.09821039	-0.01976412	-0.21115936	-0.32618803	-0.4473202	-0.5309075	-0.5397806	-0.6953919	-0.7725503	-0.8181744	-0.93179333	-1.0053353	-1.0807078	-1.191835	-1.2332828	-1.3809156	-1.538618	-1.6137426	-1.7134795	-1.7974559	-1.8670644	-1.8405315	-1.8412814	-1.843383	-1.8176187	-1.7522837	-1.6755077	-1.5680892	-1.5709332	-1.4821111	-1.4125334	-1.3151543	-1.2697889	-1.1884696	-1.134126	-1.0286003	-0.9724335	-0.84255	-0.825356	-0.7995712	-0.6958338	-0.55592763	-0.44305605	-0.3714593	-0.2645689	-0.2699819	-0.15229103	-0.0062292535	0.024299484	0.0956446	0.1309949	0.057788618	-0.02161381	-0.060116854	-0.14231598	-0.18398958	-0.30331755	-0.45547602	-0.50078213	-0.62039495	-0.7671068	-0.83744055	-0.9423968	-1.0323179	-1.095199	-1.1309854	-1.237139	-1.3028489	-1.355669	-1.4643486	-1.5869373	-1.6248839	-1.526644	-1.4661068	-1.4000146	-1.3665518	-1.3246651	-1.2091026	-1.0618646	-1.0120074	-0.85668933	-0.85057575	-0.76968443	-0.68529564	-0.6335789	-0.5509995	-0.458253	-0.34242025	-0.24740854	-0.19399029	-0.1693614	-0.07215019	0.046831504	0.073627695	0.20812507	0.27097037	0.32210192	0.4204053	0.52440494	0.5541476	0.6225062	0.7046874	0.8432192	0.8788807	0.9674964	1.1094507	1.1439369	1.3007399	1.3561044	1.4264439	1.5529504	1.6429588	1.7466377	1.8515174	1.9050928
0.9701399	0.98114544	0.93769616	0.86327606	0.7285074	0.6788505	0.5221816	0.40087837	0.32822475	0.21548143	0.09443421	0.017358787	-0.04436684	-0.20981133	-0.2724941	-0.32414055	-0.3862755	-0.4712886	-0.52859885	-0.5775053	-0.7046952	-0.7417958	-0.7664326	-0.8411842	-0.90220714	-0.9367391	-1.0423477	-1.0698147	-1.1420817	-1.1686442	-1.2372025	-1.255097	-1.3584582	-1.42091	-1.5275774	-1.6187181	-1.710758	-1.7504716	-1.6985356	-1.7197175	-1.6926656	-1.6942892	-1.7292142	-1.6743419	-1.59003	-1.4620391	-1.3712226	-1.3567396	-1.2719283	-1.1747959	-1.1145312	-1.0149026	-0.92591566	-0.862681	-0.7627619	-0.6912437	-0.62468237	-0.49263912	-0.42194125	-0.40912986	-0.25463745	-0.23206043	-0.16239648	-0.019173222	0.0053293705	0.15517022	0.23188905	0.2639553	0.41559938	0.49429965	0.574715	0.6845194	0.7189651	0.80442744	0.91365635	0.9982368	1.1488068	1.231776	1.312276	1.3491882	1.4566259	1.5419667	1.6961541	1.7338684	1.8622276	1.9460031	1.898326	1.7945694	1.7478799	1.629551	1.5225583	1.4443145	1.3378379	1.2572823	1.1799605	1.0924373	0.9863139	0.88308823	0.78606766	0.6676917	0.58645976	0.49998546	0.3810115	0.29078326	0.20564577	0.10787357	0.02213984	-0.088507816	-0.17808045	-0.24747212	-0.36554748	-0.43860558	-0.49749413	-0.61057955	-0.6865438	-0.7347894	-0.8447189	-0.92770666	-1.0376772	-1.167227	-1.2519447	-1.2665946	-1.1423881	-1.0914966	-1.1052486	-0.97173756	-0.97918993	-0.9110261	-0.77094376	-0.7484957	-0.74577224	-0.6960666	-0.6423805	-0.60347795	-0.501304	-0.457014	-0.4911809	-0.43043286	-0.3735975	-0.40523094	-0.29523233	-0.270559	-0.33424	-0.3035674	-0.22410108	-0.22446974	-0.22099572	-0.25621885	-0.33380413	-0.3628772	-0.38030618	-0.35752583	-0.46196854	-0.4694911	-0.5285013	-0.492296	-0.59997845	-0.59507203	-0.6941339	-0.74807024	-0.745155	-0.8800816	-0.92560875	-1.0192686	-1.0929099	-1.0794245	-1.1414957	-1.2273352	-1.3309153	-1.4552877	-1.4709014	-1.3491399	-1.2601187	-1.1764448	-1.0701666	-1.042646	-0.9579677	-0.7924734	-0.76027745	-0.6755594	-0.59627694	-0.5263896	-0.37462974	-0.29599187	-0.2154746	-0.10770825	-0.071832724	0.011164572	0.1763169	0.24436165	0.37941825	0.4686406	0.50510174	0.59837496	0.7065623	0.8622025	0.939756	1.0240629	1.0485083	1.1496301	1.2287612	1.3445255	1.4615574	1.4962196	1.5798866	1.7216744	1.8066831	1.776642	1.6659918	1.5179724	1.477039	1.3896345	1.3151007	1.2020738	1.1012406	1.0051789	0.925829	0.8005273	0.70902705	0.6235837	0.54301775	0.4347793	0.34031627	0.25483602	0.1825777	0.07717469	0.00039428845	-0.06619064	-0.1491728	-0.22811012	-0.31118274	-0.40671182	-0.45665345	-0.54899424	-0.6507932	-0.6979534	-0.75286245	-0.84239393	-0.92653805	-1.0035784	-1.0801159	-1.1898171	-1.2322992	-1.3221979	-1.4249904	-1.494594	-1.5591063	-1.6366861	-1.719508	-1.8167653	-1.7683586	-1.7619715	-1.7802079	-1.7519883	-1.6878933	-1.6523908	-1.5564183	-1.3576202	-1.2483039	-1.2754507	-1.2585459	-1.2294052	-1.1567327	-1.1231284	-1.068197	-1.0407944	-0.95898235	-0.8648277	-0.86336637	-0.75819427	-0.6758415	-0.6582999	-0.59941643	-0.54211444	-0.39583746	-0.3124947	-0.27365652	-0.12858169	-0.08995551	0.019652365	0.19008496	0.27652675	0.3256448	0.4369278	0.52039254	0.71316093	0.8229897	0.7873397	0.698184	0.6153056	0.5328672	0.3827549	0.29874602	0.21553823	0.13903934	0.054537654	-0.11556558	-0.12200479	-0.20729876	-0.257811	-0.3805855	-0.39647126	-0.4460798	-0.5756095	-0.6160957	-0.6776691	-0.7173752	-0.726223	-0.8340892	-0.87462366	-0.9386197	-0.9624877	-0.98441434	-1.0386714	-1.0542756	-1.1013392	-1.1070598	-1.1094023	-1.1479049	-1.1974155	-1.2944316	-1.3368777	-1.4550037	-1.4882653	-1.4353764	-1.3083186	-1.2274115	-1.1399676	-1.0339224	-0.99792844	-0.8915296	-0.80944526	-0.6995843	-0.61830276	-0.46235594	-0.391559	-0.34545216	-0.26187864	-0.11749497	-0.02577426	0.008265613	0.16656813	0.2485026	0.28357032	0.4389583	0.5206706	0.55730003	0.7125336	0.81981903	0.8266963	0.9750313	1.0677412	1.1743382	1.2564528	1.2922728	1.4105768	1.4850285	1.6456035	1.7258474	1.7758179	1.8706106	1.9968936	2.0771875	1.9999757	1.9023091	1.8117743	1.7344611	1.6491361	1.5733166	1.4648174	1.355959	1.2987021	1.2144403	1.1325142	1.0904645	1.1340476	1.2030331	1.2870438	1.2765107	1.2659544	1.2441225	1.2342443	1.1746937	1.2039254	1.2004836	1.1532004	1.1005325	1.042442	0.99745476	0.94931394	0.88777065	0.8466434	0.8173756	0.7814937	0.73652077	0.641832	0.5888526	0.5789262	0.497712	0.48195565	0.43258062	0.3493231	0.34649608	0.34947553	0.47256243	0.5165991	0.48068127	0.57199335	0.6161448	0.66567016	0.72856337	0.74678063	0.84714603	0.86925954	0.90006006	0.9712749	0.9963204	1.0717683	1.1138484	1.175615	1.223634	1.2205144	1.2384703	1.2542353	1.2677739	1.2753335	1.2491282	1.2386253	1.1668859	1.0908242	1.1366739	1.1898268	1.267608	1.3754519	1.4497389	1.5570297	1.636352	1.720205	1.8613615	1.8756715	1.7784374	1.693646	1.6063027	1.481563	1.4497958	1.3444847	1.2360595	1.156751	1.0654072	0.98576665	0.8663025	0.75428987	0.64385724	0.571774	0.49793485	0.37038675	0.27879125	0.21081625	0.10715523	0.024807408	-0.0836429	-0.16330148	-0.21906744	-0.3611219	-0.43864846	-0.5068525	-0.6400286	-0.7099311	-0.80628115	-0.9084074	-0.9459161	-1.055934	-1.1322967	-1.2229065	-1.3830189	-1.4620492	-1.4299822	-1.3137006	-1.2734396	-1.1768266	-1.1461757	-1.0792395	-1.0329313	-0.95295393	-0.9918747	-0.99116427	-0.9278456	-0.8269545	-0.8426862	-0.73052484	-0.754411	-0.6857799	-0.56636715	-0.58185506	-0.45840496	-0.46673915	-0.38680488	-0.293289	-0.30084658	-0.16950476	-0.11900085	-0.117116705	0.022828458	0.031906914	0.12014717	0.20362122	0.3141485	0.47835287	0.59968007	0.6795899	0.76628137	0.8892659
0.50810605	0.52602977	0.50565094	0.46903878	0.46996862	0.34972376	0.22801612	0.15547694	-0.004757044	-0.088005625	-0.25838968	-0.34517905	-0.48520565	-0.6090249	-0.71177155	-0.8412265	-0.86328024	-0.91752154	-1.0074602	-1.0713598	-1.1686018	-1.2336566	-1.3173562	-1.3631341	-1.4308268	-1.5164664	-1.5659361	-1.6145786	-1.6494076	-1.7155943	-1.7429993	-1.8162757	-1.8675175	-1.9733727	-2.0002236	-2.0166543	-2.0162013	-1.9782102	-1.9502414	-1.8896374	-1.8125583	-1.7104423	-1.6050309	-1.4963397	-1.3888837	-1.281131	-1.1828321	-1.1003323	-1.0017623	-0.9410419	-0.85113996	-0.7336328	-0.64470655	-0.52945536	-0.428131	-0.31977528	-0.21141163	-0.11113072	-0.0032527093	0.093391225	0.19731145	0.3001698	0.408836	0.49803564	0.62069625	0.7235449	0.8308173	0.9513811	1.0641739	1.1813058	1.3044266	1.4033903	1.4815198	1.5824232	1.6769626	1.7195555	1.822072	1.9207448	1.975621	2.030488	2.054724	2.0092006	1.8753438	1.7555625	1.6466371	1.5584246	1.4544673	1.3631241	1.2603788	1.1425586	1.0869789	0.96813715	0.86088234	0.7253869	0.6438246	0.55733055	0.58346295	0.5107548	0.3827866	0.2634012	0.14964747	0.0628027	-0.00606348	-0.13119845	-0.19264051	-0.33633825	-0.40318218	-0.47511816	-0.60206884	-0.68611014	-0.7968052	-0.8931069	-1.0025221	-1.0779657	-1.1752255	-1.2713145	-1.3552618	-1.3221096	-1.2705325	-1.2296499	-1.1586238	-1.1053106	-1.04608	-0.98891634	-0.94426	-0.90074575	-0.8570839	-0.8125946	-0.75951725	-0.7014021	-0.6466777	-0.5868518	-0.5269302	-0.46498218	-0.41930565	-0.39733642	-0.38551605	-0.40448144	-0.41605967	-0.4700966	-0.5064925	-0.55674356	-0.59329015	-0.63280773	-0.66994536	-0.6925365	-0.7080405	-0.7389793	-0.75684595	-0.78879815	-0.8375411	-0.8767717	-0.91212046	-0.95926815	-1.0101329	-1.0356417	-1.0467602	-0.9200003	-0.86095566	-0.74415016	-0.6564172	-0.5481998	-0.4496672	-0.39895552	-0.32003772	-0.25944468	-0.18272614	-0.119612426	-0.05631871	0.038186934	0.10056447	0.1841915	0.27104926	0.34680763	0.4247822	0.53051686	0.5916984	0.66970813	0.80501026	0.8935817	0.98237896	1.0870075	1.2237326	1.330932	1.4391512	1.5341057	1.6404761	1.780215	1.8647518	1.9753706	2.0572014	2.1449914	2.2296035	2.1790912	2.0410106	1.9299089	1.7811427	1.7198925	1.7200396	1.6165209	1.4948614	1.4109615	1.2886235	1.2318563	1.0758649	0.98742896	0.8896855	0.7603556	0.6461231	0.59933263	0.4607211	0.32536805	0.2650864	0.16129133	0.05020361	-0.045293458	-0.11144579	-0.23912293	-0.30188075	-0.40508017	-0.4865148	-0.5803416	-0.6136304	-0.69486284	-0.63830316	-0.58595705	-0.5709254	-0.45905703	-0.36963463	-0.2695505	-0.14427198	-0.005195262	0.095821984	0.20675	0.34825462	0.4689801	0.5893648	0.7060771	0.79808617	0.9046009	0.9316468	0.9269029	0.9169564	0.84616256	0.74803793	0.6696517	0.5327473	0.42127913	0.28958926	0.19035909	0.0471461	-0.013654447	-0.18310192	-0.26322412	-0.3799182	-0.4569211	-0.537517	-0.60219824	-0.65917814	-0.7589246	-0.7971458	-0.8416925	-0.86882734	-0.9320584	-0.95399845	-1.0078284	-1.0172747	-1.0704105	-1.1043247	-1.0944983	-1.1592903	-1.1921418	-1.2857515	-1.3410034	-1.405677	-1.4937198	-1.4939563	-1.4991093	-1.4746498	-1.3888127	-1.2965883	-1.1984884	-1.0768473	-0.9394049	-0.80925065	-0.70964336	-0.5983017	-0.49309933	-0.3755083	-0.2768287	-0.17609651	-0.07137166	0.045798298	0.14726034	0.26496664	0.37585348	0.48548532	0.6011333	0.72243863	0.82612824	0.94193584	1.0512183	1.1497269	1.2705584	1.4026865	1.4404103	1.5686272	1.626806	1.7167703	1.7307884	1.6410317	1.5422753	1.4188954	1.3014728	1.172362	1.0581709	0.9655525	0.82400525	0.7424243	0.7649293	0.7927279	0.895437	1.0262108	1.1633893	1.3106028	1.4249085	1.5688579	1.6331042	1.6903116	1.55975	1.4773997	1.3286232	1.2323146	1.128167	0.97218996	0.91047186	0.7890766	0.680345	0.5543267	0.47767666	0.39813772	0.26826674	0.19503869	0.13112311	0.08202265	0.10321562	0.09645965	0.18523864	0.32701468	0.43180472	0.56361485	0.6039706	0.5442216	0.41174015	0.33413464	0.22827004	0.24121206	0.26365754	0.32261163	0.3135041	0.34487063	0.34775692	0.4844289	0.5563613	0.5665463	0.5084438	0.37023467	0.2660557	0.12818292	0.03328051	0.03500396	0.038159877	0.047248118	0.07216009	0.12045251	0.19436775	0.24532324	0.33763298	0.42527565	0.51515424	0.63294584	0.74053836	0.8313178	0.9750564	1.0744046	1.1851727	1.2669659	1.3492018	1.419472	1.3434137	1.2757484	1.1007886	1.0058389	0.86959267	0.766666	0.6429813	0.50039285	0.39705864	0.30040985	0.20928006	0.11903629	0.042172607	-0.03791937	-0.11820448	-0.17136458	-0.20747717	-0.20651665	-0.23611075	-0.26050928	-0.3191028	-0.41155624	-0.5478522	-0.67224103	-0.72816664	-0.775067	-0.84968174	-0.9389541	-1.0563128	-1.1716686	-1.2503124	-1.1941829	-1.1382296	-1.0665091	-0.95691675	-0.85465324	-0.72604316	-0.60649633	-0.48706937	-0.36104995	-0.25337604	-0.1225996	0.011604575	0.099581085	0.21565913	0.33810017	0.40596884	0.4411165	0.54337716	0.6386439	0.70338464	0.8123489	0.8999898	1.0268097	1.0906066	1.2065135	1.2898088	1.3836658	1.3616196	1.266001	1.179117	1.0694116	0.9699281	0.9677889	0.9078006	0.8093806	0.7051725	0.5577378	0.4774707	0.3874591	0.2940707	0.16871354	0.032350525	-0.052841432	-0.20481497	-0.2726571	-0.4101031	-0.5100207	-0.6660095	-0.7280404	-0.8805245	-0.9691933	-1.0971183	-1.1857377	-1.306415	-1.4209023	-1.5143423	-1.6212769	-1.7126817	-1.779479	-1.789677	-1.7797129	-1.745162	-1.6906655	-1.643114	-1.5956033	-1.5563143	-1.5549546	-1.5752137	-1.5349892	-1.4971963	-1.4499874	-1.3976655	-1.3777126	-1.3401333	-1.2876801	-1.211092	-1.1934516	-1.1102012	-1.0288962	-0.938266	-0.8701876	-0.7756946	-0.6678194	-0.57168084	-0.46561235	-0.34638074	-0.20726973	-0.09795746	0.038867842	0.12330083	0.2621498	0.38943887
1.8957875	1.9444729	1.877033	1.7876585	1.6586429	1.5453993	1.3981204	1.3583828	1.2530777	1.1294612	1.0101738	0.90555954	0.8283201	0.69437027	0.53500694	0.45415524	0.40400034	0.39621037	0.3395972	0.23759297	0.16211522	0.05173573	-0.04891575	-0.09770583	-0.18728979	-0.26425806	-0.3576961	-0.44579655	-0.52064544	-0.60391784	-0.6882238	-0.7514793	-0.83607477	-0.9172087	-0.96965605	-1.0247327	-1.0653248	-1.1693625	-1.3264484	-1.4237722	-1.3792541	-1.3082697	-1.2495749	-1.2155719	-1.1543965	-1.1202389	-1.0414577	-1.0120765	-1.0148163	-0.92564565	-0.86598545	-0.8368738	-0.77106994	-0.7041217	-0.58317757	-0.534943	-0.5728256	-0.563992	-0.5465451	-0.54712486	-0.63481843	-0.63796103	-0.75142545	-0.7770482	-0.84819007	-0.8921912	-0.8985515	-0.9590838	-0.98487127	-0.9854694	-1.0542585	-1.0942917	-1.101948	-1.1281421	-1.1855482	-1.2427099	-1.3134373	-1.2494537	-1.0984426	-0.9676658	-0.88467145	-0.85413635	-0.7641801	-0.70901364	-0.6817993	-0.61906725	-0.5544473	-0.49113467	-0.3964175	-0.3811712	-0.29012728	-0.20510395	-0.18344706	-0.07356786	-0.01137474	0.039871335	0.09681178	0.17935194	0.32054347	0.36658388	0.3811518	0.5095735	0.59422123	0.7402305	0.82099086	0.98451763	1.1153882	1.2148395	1.3688173	1.4125866	1.4964975	1.6470561	1.7421857	1.8316927	1.9604752	2.0552204	2.014449	1.9021329	1.8075213	1.7044176	1.6327654	1.5229766	1.5006607	1.4754363	1.3496232	1.2181783	1.085897	0.9470379	0.8272746	0.7006475	0.5977371	0.48797572	0.38952544	0.34736663	0.2610897	0.15643485	0.106559746	0.030941797	-0.031057019	-0.11977787	-0.18496034	-0.24480975	-0.30250597	-0.39728618	-0.45659867	-0.5046067	-0.556769	-0.6188517	-0.6651951	-0.76725936	-0.7854703	-0.8224307	-0.91248673	-0.83264375	-0.7568161	-0.817321	-0.73777425	-0.60013187	-0.49556458	-0.37661865	-0.25933787	-0.1805386	-0.036653493	0.08386726	0.1911284	0.28476575	0.3599103	0.49516746	0.63188297	0.74289876	0.7112573	0.6856652	0.73176986	0.73680794	0.63359934	0.5235216	0.43671787	0.32104924	0.19052877	0.11463087	0.012940173	-0.110422276	-0.21662937	-0.33772895	-0.44597617	-0.5905788	-0.6696933	-0.7228177	-0.7992567	-0.866201	-0.9581844	-1.0166626	-1.0022138	-1.0334119	-1.1380945	-1.1553574	-1.1697881	-1.2324061	-1.239898	-1.2271311	-1.2870662	-1.3200932	-1.364302	-1.4352642	-1.4695	-1.5572928	-1.5406646	-1.5171323	-1.3899441	-1.3048842	-1.2463734	-1.1543686	-1.0489063	-0.94885194	-0.7893232	-0.7109837	-0.56707186	-0.4403875	-0.3360934	-0.2023834	-0.040248085	0.06397891	0.14949933	0.30703682	0.40834293	0.4657573	0.62421554	0.7123703	0.7851028	0.8808368	0.971533	1.0938928	1.1865549	1.2516111	1.2884557	1.3532387	1.4194653	1.5782512	1.6803014	1.6820939	1.5928625	1.501872	1.4403787	1.3453085	1.2923962	1.2183286	1.1690425	1.0758127	0.9810186	0.89719915	0.806578	0.70023954	0.7337266	0.8470443	0.9534479	1.0386944	1.1744722	1.2527289	1.3300622	1.4158136	1.5024031	1.6008397	1.6235509	1.5812597	1.4810708	1.3730696	1.2871271	1.219545	1.1453897	1.0212892	0.90243787	0.79398185	0.6805914	0.5756483	0.49632832	0.3836184	0.28456852	0.22041465	0.19077997	0.15863621	0.1367907	0.1310659	0.11422211	0.0746271	0.15298125	0.27539322	0.3930286	0.51390064	0.58192384	0.6679666	0.65895206	0.58302927	0.49128458	0.36983177	0.24779484	0.19875602	0.26649734	0.3887337	0.3910323	0.39727038	0.36210668	0.32681116	0.4097173	0.55383956	0.654819	0.65283436	0.64202005	0.5885266	0.44431776	0.36763144	0.23854437	0.11760668	0.067107975	0.09142252	0.14213628	0.12911814	0.14210002	0.10998947	0.18049744	0.24133524	0.26063284	0.3617904	0.47993875	0.5457505	0.69098294	0.7622635	0.9115046	0.9922649	1.1049076	1.170203	1.2210432	1.34731	1.456353	1.5037557	1.4769369	1.3752741	1.3189008	1.2071753	1.1284262	1.0172968	0.93374836	0.82118636	0.6704802	0.57912666	0.49641237	0.5155047	0.5336048	0.62651396	0.69093174	0.8117298	0.9091957	0.95224917	1.0197134	1.1053867	1.1541352	1.2224226	1.3807915	1.4872745	1.4952008	1.4071229	1.311329	1.2530735	1.1586764	1.026355	0.98062485	0.999978	0.9768851	0.85824794	0.7766056	0.6683813	0.58339506	0.48356652	0.35009873	0.23595217	0.11311247	-0.033302918	-0.18615706	-0.2999799	-0.45572203	-0.56680816	-0.6677637	-0.82272184	-0.9333091	-1.0584941	-1.167416	-1.2372397	-1.3378614	-1.4497297	-1.4957446	-1.5925423	-1.6392251	-1.6720189	-1.6286334	-1.5786573	-1.5258943	-1.4945903	-1.5051638	-1.4997892	-1.4847423	-1.4488392	-1.4253447	-1.373807	-1.3601496	-1.3171077	-1.2721173	-1.2426434	-1.1608703	-1.1011249	-1.0390457	-0.9894631	-0.8905549	-0.8876777	-0.7583319	-0.6514713	-0.5833264	-0.45516577	-0.3310469	-0.2270403	-0.08927335	0.027387928	0.111781515	0.2487316	0.32142887	0.478353	0.55831873	0.554315	0.48467368	0.4762299	0.3911638	0.2968923	0.27421504	0.13441008	0.032415677	-0.08774217	-0.19210216	-0.2956919	-0.43628043	-0.54200107	-0.6906399	-0.8313199	-0.8922011	-0.829686	-0.9154294	-1.0313771	-1.0546175	-1.1354489	-1.2020109	-1.2807254	-1.3169179	-1.3821368	-1.437011	-1.5084828	-1.5274882	-1.5684557	-1.6018199	-1.6496111	-1.6944861	-1.6879722	-1.6715575	-1.7951642	-1.9070117	-1.9216188	-1.910264	-1.9340274	-1.9058629	-1.8916528	-1.8734457	-1.8915567	-1.8580858	-1.6831878	-1.5562494	-1.4829327	-1.4214036	-1.2993268	-1.2403349	-1.1398265	-1.0996907	-1.0480397	-0.98656136	-0.95577216	-0.89133173	-0.8221281	-0.69443095	-0.6764407	-0.59842557	-0.49909392	-0.41748327	-0.3403607	-0.2532608	-0.21915774	-0.12824695	-0.020333625	0.04208997	0.13572371	0.20174271	0.24905011	0.36935037	0.5139692	0.6181239	0.7544272	0.8383168	0.9750256	1.112995	1.2590915	1.3998103	1.4829476	1.5021466	1.5334537	1.5810491	1.6687708	1.7797014	1.819173
0.53771186	0.63891107	0.6720627	0.614516	0.5088906	0.4364843	0.3280384	0.29110754	0.2303827	0.15891226	0.069788255	-0.056894727	-0.12709017	-0.2477559	-0.34107453	-0.41573513	-0.51364416	-0.62837225	-0.7013108	-0.78912425	-0.8578061	-0.95048195	-1.0383154	-1.1581545	-1.1625755	-1.0705581	-0.9965363	-0.91950387	-0.8907618	-0.7769216	-0.65739435	-0.551694	-0.43419477	-0.3902471	-0.30396196	-0.17439133	-0.029773317	0.061115187	0.18082699	0.2554332	0.37812403	0.49949735	0.64838356	0.7695465	0.8924859	0.9719721	1.0642	1.2268353	1.3194715	1.4033087	1.4996718	1.5817956	1.6938473	1.8168203	1.8800112	1.9328971	2.0578034	2.029632	2.086081	2.0981574	2.01449	1.9856666	1.9275633	1.8470318	1.7757016	1.716315	1.6149038	1.5027729	1.3850764	1.2824256	1.1750861	1.081644	0.9782706	0.86551523	0.765982	0.6664087	0.561189	0.45474368	0.34788942	0.20317467	0.10040364	-0.019172769	-0.122246616	-0.23530193	-0.35588336	-0.47288138	-0.4728028	-0.40263912	-0.35453284	-0.37298396	-0.32708532	-0.31670493	-0.29718986	-0.30481514	-0.3634632	-0.3627633	-0.3329054	-0.3755378	-0.36576954	-0.41766432	-0.47145605	-0.48448566	-0.52707994	-0.5974051	-0.5932016	-0.5055113	-0.35727724	-0.23674063	-0.11172295	0.010258801	0.076678164	0.20365524	0.32706365	0.48172256	0.6077559	0.7347978	0.78656083	0.8903024	0.98533744	1.0890539	1.2506754	1.2985307	1.4446713	1.5265069	1.6298892	1.7368872	1.8623679	1.9473164	2.044995	2.099082	2.1348042	2.1322706	2.1315455	2.1593175	2.1233993	2.0314507	1.9523971	1.9001663	1.7976449	1.6917741	1.589332	1.4780239	1.3756777	1.2692996	1.1516122	1.0434784	0.9538936	0.8482402	0.72713155	0.6024242	0.49841908	0.3810263	0.2546045	0.14703943	0.047101345	-0.054214872	-0.17025885	-0.29880497	-0.38244873	-0.47308758	-0.6062154	-0.71989477	-0.7988125	-0.9294572	-1.0191052	-1.078827	-1.1359596	-1.2091031	-1.275439	-1.3888859	-1.3107865	-1.1761496	-1.0893565	-1.0001553	-0.9053692	-0.8641276	-0.7709575	-0.6732556	-0.55542535	-0.51058966	-0.3678427	-0.31562573	-0.1994601	-0.076183975	0.021643847	0.06745301	0.21180826	0.26451248	0.3727948	0.47374764	0.55424064	0.58772296	0.69468224	0.7106144	0.60861945	0.5133261	0.39684966	0.30317283	0.20838025	0.16473728	0.04549237	-0.022574175	-0.11800039	-0.20977613	-0.32829905	-0.3934707	-0.5100753	-0.59394044	-0.6635383	-0.7268167	-0.81439507	-0.90898937	-0.98551905	-1.0811313	-1.1429939	-1.2425618	-1.3152893	-1.3449976	-1.4170506	-1.5074371	-1.5511093	-1.6286796	-1.7017753	-1.7752393	-1.8093694	-1.8340904	-1.8484387	-1.8511314	-1.8444821	-1.8464665	-1.8392686	-1.8523229	-1.9033356	-1.9730045	-1.9587663	-1.8661052	-1.7571119	-1.6673366	-1.6019562	-1.5330992	-1.4423598	-1.3517215	-1.2556032	-1.1360781	-1.0694969	-0.9960427	-0.87864625	-0.80967146	-0.712648	-0.61253196	-0.51705736	-0.3903932	-0.30903962	-0.2113313	-0.082721286	-0.00552405	0.09925292	0.18828757	0.28117883	0.3496356	0.41744006	0.5105149	0.58578134	0.6766355	0.7660028	0.7821833	0.7729643	0.74523306	0.6124803	0.5509007	0.45151466	0.38780755	0.2829446	0.21255594	0.12401739	0.05837671	-0.031379577	-0.17227893	-0.20523079	-0.33476952	-0.4530273	-0.56462437	-0.68014705	-0.7658464	-0.8400945	-0.9562821	-1.0210901	-1.109238	-1.2277235	-1.2894815	-1.2572058	-1.1068127	-1.0583498	-0.9833656	-0.9574978	-0.8700895	-0.7404255	-0.5853183	-0.5327925	-0.47875383	-0.40768692	-0.31565952	-0.22592667	-0.12285419	-0.09806031	-0.013603869	0.073164396	0.18252881	0.2705518	0.37462655	0.45827106	0.5056343	0.6091843	0.7123241	0.84207976	0.9297619	1.0316509	1.1091369	1.1818691	1.3248433	1.3879408	1.4750468	1.5972661	1.7432112	1.8242087	1.775586	1.7118262	1.5840617	1.4597547	1.336629	1.2629684	1.1730202	1.0825964	0.9770256	0.8927474	0.7838188	0.6953404	0.57698697	0.47322652	0.39855382	0.3140471	0.2403654	0.15085407	0.06982719	0.016434485	-0.061236277	-0.11006062	-0.21884196	-0.32236275	-0.3403964	-0.31795883	-0.19544393	-0.13734409	-0.073011994	-0.009837741	0.023056233	0.028598903	-0.03149847	-0.11766729	-0.14889553	-0.26827663	-0.3223484	-0.29508653	-0.19073892	-0.10841971	-0.08761823	0.05429578	0.13682386	0.18035711	0.26367515	0.3946244	0.45244038	0.58211213	0.63862383	0.74911666	0.8508761	0.8999981	1.0313175	1.0882797	1.2393239	1.2975742	1.3912284	1.5509027	1.6180017	1.7271746	1.773459	1.7828743	1.7045046	1.6050366	1.4999275	1.4088718	1.2916702	1.1908314	1.0945597	0.9982658	0.8863112	0.7978616	0.69732434	0.6078223	0.52840185	0.417703	0.3501809	0.25628558	0.15536846	0.07949881	-0.01643851	-0.11078492	-0.17816538	-0.27039284	-0.33499742	-0.4247789	-0.524576	-0.569632	-0.65360355	-0.8018107	-0.8630255	-0.9417922	-0.9788169	-1.057326	-1.201156	-1.2254084	-1.1657109	-1.0830023	-0.9656937	-0.8577555	-0.75480753	-0.6794463	-0.5561552	-0.49432927	-0.35031503	-0.2661227	-0.16000775	-0.0974474	0.0024253726	0.12030399	0.18148755	0.2971736	0.38595432	0.45202598	0.51347566	0.62888616	0.7402946	0.8191166	0.8459064	0.7540572	0.73712426	0.63193285	0.5485803	0.46491373	0.41682932	0.3276256	0.2257574	0.13344237	0.04557123	-0.05971819	-0.17993926	-0.22808792	-0.33074754	-0.45126384	-0.52007586	-0.62476933	-0.74110913	-0.83487105	-0.93153536	-1.0233866	-1.1198161	-1.1882935	-1.2740914	-1.3737221	-1.4518006	-1.5345278	-1.6281264	-1.7171671	-1.7826167	-1.9043341	-1.8613305	-1.8032988	-1.766067	-1.7445055	-1.7583297	-1.7272112	-1.7462714	-1.730241	-1.7053604	-1.676388	-1.6693466	-1.5649375	-1.4657791	-1.4411618	-1.363561	-1.3029448	-1.2319542	-1.1690364	-1.1078088	-1.0360653	-0.93926823	-0.8572155	-0.7748994	-0.6935747	-0.63511807	-0.54788715	-0.43396264	-0.39387208	-0.2549673	-0.207119	-0.11983408	-0.026501216	0.067379	0.18608914	0.27904546	0.376087	0.46886292
1.8352208	1.8326888	1.8552223	1.8789668	1.8379844	1.79374	1.7344288	1.6772919	1.5602843	1.5595016	1.4443096	1.3892493	1.268323	1.1964993	1.0797555	0.9989735	0.9050397	0.8091922	0.7373781	0.6067731	0.5217863	0.39941812	0.35418755	0.22192201	0.13047832	0.065272085	-0.012220686	-0.115279354	-0.17762391	-0.2673179	-0.38275123	-0.47145128	-0.5643086	-0.64517814	-0.737686	-0.71711504	-0.697004	-0.642132	-0.60951865	-0.62023133	-0.60453373	-0.5805209	-0.58531594	-0.60176057	-0.6206296	-0.6095148	-0.6494801	-0.66160524	-0.72682	-0.7444765	-0.7864824	-0.83199406	-0.8767834	-0.83194494	-0.7496885	-0.6642631	-0.5484458	-0.46118492	-0.36767036	-0.28205448	-0.19482468	-0.097039975	-0.026347602	0.051036667	0.16641317	0.2562183	0.34756362	0.42245355	0.5420063	0.64198804	0.7476829	0.8297128	0.93096614	1.0418925	1.1363407	1.2116334	1.3176653	1.409292	1.5340351	1.6320921	1.6932778	1.8037626	1.8566223	1.9243131	1.9329461	1.9235084	1.9188954	1.93618	1.8958836	1.7761658	1.7232217	1.7063107	1.5556083	1.4803065	1.360115	1.2348073	1.1521785	1.0452425	0.9923048	0.84985477	0.7718733	0.6903126	0.59046376	0.50211656	0.40496412	0.3340008	0.20499186	0.14727423	0.008816976	-0.051930673	-0.1560688	-0.20419584	-0.3223887	-0.41215217	-0.46764627	-0.5959318	-0.64987165	-0.77912205	-0.83117855	-0.9245232	-0.97580975	-1.077839	-1.2024286	-1.2684005	-1.3346083	-1.3951261	-1.4310981	-1.4452788	-1.4074687	-1.2965292	-1.2331353	-1.1116717	-1.0454421	-0.93121016	-0.8376005	-0.73700637	-0.63904625	-0.5381304	-0.426207	-0.33956823	-0.24033368	-0.13896765	-0.03766113	0.04116011	0.113685094	0.20578744	0.3046341	0.36859307	0.3994399	0.44495913	0.47783786	0.41683835	0.31553242	0.23731329	0.13842411	0.037797626	-0.06998637	-0.17908052	-0.2840192	-0.40579903	-0.46455088	-0.55893624	-0.63161427	-0.72055554	-0.83047324	-0.877271	-1.0066351	-1.0679793	-1.1314507	-1.1913925	-1.3078455	-1.3794076	-1.420343	-1.4688267	-1.5258199	-1.5821699	-1.6749128	-1.6959095	-1.8025308	-1.8580056	-1.8462366	-1.8638244	-1.8435215	-1.8237542	-1.8369718	-1.8411564	-1.8002384	-1.8180811	-1.8437147	-1.7788072	-1.6765175	-1.5897877	-1.4584672	-1.3274045	-1.2390397	-1.1069478	-1.0033883	-0.9234999	-0.8136355	-0.71211463	-0.60477686	-0.5319977	-0.45043975	-0.35442054	-0.27048388	-0.19788077	-0.111970685	-0.0077267624	0.12133184	0.23616612	0.33200973	0.46896413	0.57520115	0.66210616	0.7006489	0.78745306	0.8690393	0.8841836	0.90634155	0.90476376	0.86549443	0.7580717	0.6591976	0.5531346	0.45155475	0.35971957	0.22084045	0.12206657	-0.0076449574	-0.07532515	-0.19546881	-0.28446072	-0.34321627	-0.45617002	-0.5210574	-0.6437092	-0.71745515	-0.8255521	-0.9477482	-1.0526764	-1.1575487	-1.1105933	-1.0526168	-0.9691681	-0.884709	-0.7997668	-0.69563997	-0.5928397	-0.50117	-0.40636766	-0.31338078	-0.21042722	-0.12619849	-0.016350254	0.075688414	0.19325133	0.2955228	0.40725446	0.51120496	0.61603767	0.7142504	0.8180457	0.9103015	1.0063862	1.1258144	1.2160393	1.3017482	1.3896992	1.5079325	1.6001977	1.6998155	1.7838494	1.8732421	1.9510193	1.9722235	1.9475356	1.8854293	1.7955433	1.6860826	1.5979775	1.4746785	1.3914806	1.2697319	1.1987795	1.102485	1.0227083	0.88763803	0.8141317	0.6918801	0.6195911	0.5053022	0.41162124	0.34635353	0.21489972	0.12221663	0.00413429	-0.07344422	-0.1750006	-0.1811848	-0.0859362	-0.012225079	0.062094696	0.114551514	0.17058352	0.15987638	0.15031226	0.03527249	-0.036659468	-0.100746684	-0.1588905	-0.13527991	-0.062043514	0.037040323	0.11357027	0.25698972	0.3736183	0.48816168	0.59310585	0.69827646	0.81118697	0.9073768	1.013419	1.100624	1.2262448	1.3175496	1.4167829	1.5210698	1.6383734	1.7201648	1.8230557	1.9045357	1.9461113	1.9484111	1.8857248	1.7807655	1.6734266	1.5994033	1.4937491	1.3761473	1.304755	1.1535084	1.0922159	0.98719305	0.8800379	0.7492952	0.6428124	0.51236224	0.38613316	0.23664902	0.15442994	0.002846836	-0.05545969	-0.20084326	-0.26645967	-0.35555792	-0.4628752	-0.5406737	-0.6316213	-0.7194907	-0.8113544	-0.87850356	-0.97610295	-1.0259591	-1.0840478	-1.0760623	-0.9682784	-0.87209666	-0.795302	-0.6905152	-0.586084	-0.47614983	-0.37758002	-0.2922946	-0.18626	-0.08238624	0.024404299	0.14971733	0.26174673	0.38344657	0.50478965	0.6235522	0.72891635	0.8166998	0.89189106	0.94414943	0.95996445	0.93040836	0.8913001	0.81641966	0.7168923	0.635011	0.50312716	0.36795887	0.26197904	0.1308057	0.05019906	-0.07762647	-0.1800978	-0.28561702	-0.3667021	-0.48437992	-0.5394637	-0.6952524	-0.77463645	-0.8779322	-0.97660327	-1.0790968	-1.2142831	-1.3141006	-1.4714246	-1.5705081	-1.6378989	-1.7345212	-1.7493134	-1.7670853	-1.7444234	-1.7489543	-1.7021904	-1.7637523	-1.7396258	-1.7311567	-1.7201122	-1.7237599	-1.6272348	-1.5450294	-1.480907	-1.3914014	-1.3684323	-1.3376194	-1.2579938	-1.2071651	-1.1426145	-1.0770601	-1.0181597	-0.9365252	-0.86606115	-0.8079668	-0.73023564	-0.654538	-0.58937305	-0.5220137	-0.44223857	-0.37128592	-0.25946635	-0.18869632	-0.08906087	0.026766885	0.107597165	0.21246745	0.31713116	0.36545858	0.44366488	0.42400217	0.393454	0.34291685	0.29000047	0.1846502	0.106058784	0.060028072	-0.023440931	-0.12136713	-0.2351039	-0.32382172	-0.41707754	-0.4874296	-0.5956322	-0.6647596	-0.76730645	-0.8416656	-0.94394267	-1.0351635	-1.0993088	-1.1655004	-1.2588222	-1.309353	-1.2787402	-1.2670085	-1.1937104	-1.1449361	-1.0710663	-0.99844193	-0.89795226	-0.8078395	-0.7474724	-0.67543095	-0.5787229	-0.49429846	-0.41700277	-0.33438236	-0.25310072	-0.16708119	-0.089136176	0.0015856214	0.08421659	0.17197324	0.24881504	0.33789274	0.43466455	0.52898616	0.6146521	0.6956751	0.7942547	0.8757073	0.9889143	1.0778638	1.1935501	1.2953873	1.4020615	1.4611418	1.595325	1.6457297	1.750506
0.23786637	0.30696055	0.20293795	0.22958447	0.30166858	0.18481655	0.12865698	0.08112809	-0.038042888	-0.096887685	-0.17539346	-0.22460759	-0.28874323	-0.37113172	-0.47963437	-0.56050605	-0.58738947	-0.6666837	-0.77862287	-0.8648748	-0.8879297	-0.96227694	-1.0461243	-1.1161402	-1.173598	-1.2368405	-1.2703658	-1.3239012	-1.3193008	-1.3576982	-1.4240178	-1.5099305	-1.6273153	-1.6095325	-1.5414844	-1.5099953	-1.444954	-1.3821424	-1.3667957	-1.2525655	-1.172191	-1.0949982	-1.0445231	-0.9893625	-0.90890634	-0.82473874	-0.7630335	-0.6764724	-0.56162596	-0.5295582	-0.47384444	-0.40426508	-0.26024184	-0.19834691	-0.12808174	-0.028659482	0.015015436	0.07999573	0.21375963	0.29336667	0.36159223	0.40720466	0.47447714	0.5982644	0.6550571	0.77687126	0.84073734	0.8982882	1.0237517	1.0523299	1.1331748	1.2038006	1.2662318	1.3874799	1.443318	1.5046052	1.5697565	1.6324782	1.6001965	1.5935419	1.670865	1.7061262	1.652191	1.5681244	1.4865668	1.4070642	1.3428522	1.2542243	1.1815346	1.0983567	1.0285549	0.95280534	0.84661674	0.7555444	0.6953111	0.6018189	0.51003814	0.4222223	0.3399939	0.2661002	0.1864789	0.08667395	0.020367784	-0.06297801	-0.1399144	-0.22969824	-0.3174273	-0.39100793	-0.45489588	-0.55151457	-0.5850713	-0.64857453	-0.7343322	-0.8366971	-0.9125996	-0.914568	-0.82065034	-0.7799136	-0.7230984	-0.6772959	-0.6712751	-0.5992525	-0.5488244	-0.44387886	-0.39416155	-0.34487587	-0.39397788	-0.37176722	-0.37577462	-0.37529236	-0.3373466	-0.36120674	-0.47348043	-0.4950789	-0.6035776	-0.6540053	-0.72884375	-0.73846537	-0.78716856	-0.8234808	-0.89294934	-0.99254924	-0.99390614	-0.9291858	-0.8195487	-0.755745	-0.66588336	-0.5663109	-0.519527	-0.456322	-0.38714248	-0.31020147	-0.24064162	-0.16745447	-0.056090947	0.01607833	0.08536033	0.13713118	0.21119736	0.29342267	0.41745475	0.50772566	0.5900191	0.6593261	0.68940985	0.78057736	0.8984598	0.9120223	1.0311582	1.0720558	1.2142936	1.2970808	1.3125452	1.3885164	1.4715153	1.55102	1.552591	1.5445423	1.5116515	1.3899812	1.3451663	1.2823784	1.2179538	1.1210259	1.0449123	0.9700173	0.9126415	0.8219458	0.73357105	0.64146435	0.5565719	0.48308292	0.39961505	0.29289725	0.22768347	0.1498979	0.063092604	-0.011761436	-0.08912526	-0.14644857	-0.2329507	-0.320012	-0.3713674	-0.4433457	-0.5692466	-0.65940255	-0.728719	-0.82230425	-0.900588	-0.96468806	-1.0501006	-1.1279058	-1.2088033	-1.2689834	-1.349347	-1.4323895	-1.4548632	-1.5264401	-1.5861162	-1.6212093	-1.7143383	-1.7386931	-1.6887019	-1.5706285	-1.508536	-1.4435108	-1.4591969	-1.4071985	-1.3498714	-1.2864031	-1.2468516	-1.1781912	-1.1158937	-1.057304	-0.98436195	-0.8736416	-0.8473219	-0.7434397	-0.6486962	-0.5726357	-0.48736352	-0.42867175	-0.405471	-0.28521156	-0.24235207	-0.16253385	-0.10018804	0.018780947	0.061499044	0.15748078	0.19802895	0.10790595	0.21139935	0.19811243	0.117544375	0.03922139	-0.050778538	-0.13225846	-0.2143281	-0.23865983	-0.3280962	-0.4069391	-0.52294755	-0.5435371	-0.6218026	-0.74563503	-0.8227058	-0.84497184	-0.90943265	-0.9584058	-1.0097276	-1.0722181	-1.1617688	-1.2054619	-1.2384998	-1.2779866	-1.3136736	-1.3209032	-1.3771477	-1.3988765	-1.4492569	-1.4914345	-1.4716088	-1.5394933	-1.5681194	-1.6070657	-1.6441377	-1.6315359	-1.5613537	-1.5358768	-1.5267943	-1.5810148	-1.5035003	-1.3824608	-1.3059174	-1.2288626	-1.1965058	-1.1208887	-1.0551281	-0.9686468	-0.88426924	-0.8250341	-0.7361212	-0.64834166	-0.5600161	-0.48433945	-0.39365157	-0.25689238	-0.16816445	-0.09544424	-0.033529926	0.103997655	0.15016545	0.29168355	0.3715934	0.4720312	0.55322266	0.5930218	0.65614533	0.7468205	0.82105285	0.94378626	1.0156779	1.0509379	1.1622609	1.1995395	1.2618738	1.3208901	1.4086112	1.5207596	1.5135138	1.5114323	1.5182936	1.4306834	1.337631	1.2491902	1.195741	1.1303568	1.0297534	0.9698433	0.8908682	0.7987342	0.72744197	0.6455996	0.6004634	0.64120436	0.7032486	0.8032745	0.8842699	0.9891739	1.0833244	1.1990275	1.2469686	1.3276747	1.4175382	1.4780941	1.5225685	1.6002752	1.6315153	1.6809926	1.7375802	1.8202301	1.8513557	1.8477211	1.7916065	1.7460489	1.6935861	1.6588253	1.5997424	1.5192	1.433053	1.3437375	1.2851412	1.2303402	1.1381474	1.0431942	0.9529746	0.8923071	0.769753	0.67823875	0.5878675	0.50524545	0.41764882	0.36054468	0.2744367	0.2092261	0.09675196	-0.022561537	-0.06396057	0.014705146	0.1316082	0.21623218	0.2983076	0.28858396	0.25893354	0.10975172	0.10714502	0.10883703	0.115352005	0.15010329	0.27270266	0.28591657	0.2388027	0.09112575	0.038721044	0.08398853	0.21121444	0.27147794	0.3821798	0.41140214	0.50145954	0.58894104	0.7284357	0.8038674	0.85645294	0.9442316	1.0280163	1.1200769	1.2413934	1.2780665	1.3988389	1.4304113	1.4998794	1.562878	1.6315644	1.734314	1.7447098	1.7998886	1.8547536	1.8931915	1.8622932	1.7777225	1.7438188	1.6631207	1.6727585	1.6399944	1.5657403	1.4916333	1.4448726	1.3521386	1.2897921	1.2148453	1.1464816	1.0505258	0.954538	0.886451	0.83455426	0.7261303	0.6508124	0.58518654	0.50287527	0.4035102	0.30549645	0.21425451	0.13349594	0.04151728	-0.04585546	-0.12914556	-0.19933301	-0.30096635	-0.3871456	-0.49197155	-0.5604997	-0.6537475	-0.7186786	-0.80093735	-0.8807173	-0.9411847	-1.0242871	-1.1014543	-1.1788296	-1.2718151	-1.3184087	-1.3881344	-1.4787405	-1.4519035	-1.437577	-1.441141	-1.4763083	-1.5561186	-1.5417681	-1.5152584	-1.4621847	-1.4414289	-1.4000592	-1.3591125	-1.339618	-1.2888349	-1.2326555	-1.2313312	-1.1981449	-1.1580199	-1.1091423	-1.0875982	-1.0024515	-0.94389147	-0.91100025	-0.84703755	-0.83716625	-0.76567274	-0.6547905	-0.5751112	-0.49639076	-0.4728086	-0.3942321	-0.3301884	-0.25250882	-0.13267192	-0.10179765	0.0090346895	0.07534873	0.1609828
1.9645524	1.8624238	1.7614927	1.6288347	1.4943482	1.395765	1.3000485	1.234633	1.1735294	1.0784662	0.9854444	0.8972117	0.8402881	0.78433555	0.7397687	0.6911786	0.6454392	0.5918174	0.5583071	0.51650697	0.45892587	0.38812894	0.32335037	0.3253383	0.26182032	0.16112271	0.09795023	-0.07480465	-0.049193725	0.06703368	0.2426484	0.38621515	0.45284823	0.5935921	0.7262268	0.7799831	0.9040105	1.0071827	1.1135775	1.1960665	1.3306648	1.4511217	1.4910105	1.4030964	1.2747105	1.1585616	1.0484762	0.93879884	0.82688355	0.7648437	0.6461715	0.5219701	0.4105835	0.26117033	0.16778265	0.037476093	-0.091067836	-0.06459187	-0.11165165	-0.2608726	-0.31846875	-0.43573123	-0.55194753	-0.66556424	-0.76047707	-0.9130021	-0.8637898	-0.744849	-0.5664894	-0.44678882	-0.36416727	-0.23956248	-0.12682527	-0.04415966	0.048234764	0.16028935	0.31541562	0.42347872	0.5500457	0.6680593	0.7276053	0.8451088	0.9605142	1.1247216	1.2089798	1.2981483	1.3583275	1.2573999	1.1232826	1.02275	0.95684874	0.8418657	0.7467783	0.61406165	0.51657647	0.42243844	0.27645373	0.19549906	0.101150334	-0.045716025	-0.13061965	-0.24489628	-0.3724903	-0.39146397	-0.50477797	-0.6358252	-0.7294217	-0.8530548	-0.9760962	-1.1077465	-1.2367929	-1.3491056	-1.4843417	-1.5952172	-1.6941713	-1.7980533	-1.8339188	-1.931303	-2.0023556	-2.0843406	-2.2028415	-2.1946838	-2.1283371	-2.0867398	-2.124131	-2.0881865	-1.9679713	-1.8252666	-1.6933236	-1.5089602	-1.4691466	-1.3993914	-1.3243574	-1.2430013	-1.1620667	-1.107935	-1.0181811	-0.9267673	-0.86607885	-0.7660172	-0.63132125	-0.49970806	-0.4021677	-0.37106767	-0.27060914	-0.14087927	-0.0021353522	0.16377586	0.29447922	0.4575769	0.5503535	0.6449865	0.7783443	0.81915414	0.8970377	0.88275385	0.77302676	0.5898763	0.46788314	0.33310512	0.16974807	0.043173783	-0.063638866	-0.16616559	-0.30142716	-0.47059825	-0.5754102	-0.6927043	-0.7333948	-0.78698325	-0.8983824	-0.9740172	-1.0155782	-1.0826999	-1.1887308	-1.2463701	-1.3422052	-1.4407746	-1.3828793	-1.2341311	-1.1102573	-0.99239576	-0.9005247	-0.8206579	-0.7008144	-0.5915095	-0.4761285	-0.32466525	-0.2687782	-0.15351273	-0.049587116	0.07097072	0.17904691	0.33119416	0.44764766	0.5028949	0.6551185	0.713366	0.89047414	0.9490328	1.0705606	1.1938887	1.2931223	1.4585819	1.4619828	1.5404155	1.512281	1.434732	1.3838152	1.2829169	1.2152293	1.1423614	1.0283433	0.94164914	0.8260283	0.6863903	0.58761543	0.54106855	0.557077	0.48751718	0.48253492	0.42852616	0.33590874	0.29748678	0.1828542	0.10634502	0.0026569013	-0.13188718	-0.26507995	-0.400921	-0.5010519	-0.5677612	-0.6713335	-0.7655063	-0.8389505	-0.92262465	-1.0505708	-1.1774886	-1.2708321	-1.4694462	-1.4740695	-1.4094696	-1.2359823	-1.1103638	-1.0132576	-0.86434984	-0.7719505	-0.71183014	-0.59825146	-0.6081724	-0.59485847	-0.48803693	-0.3575015	-0.18992785	-0.111866936	0.056817908	0.20414001	0.30040252	0.45628875	0.5880993	0.66176164	0.85072243	0.9254419	1.1157212	1.2417276	1.3239316	1.471335	1.5900404	1.6911827	1.793504	1.9872172	2.0762975	2.051086	1.974245	1.8605164	1.7359992	1.662324	1.5104269	1.4020569	1.3134396	1.1700706	1.0542777	0.90986294	0.768225	0.6872828	0.520288	0.39453784	0.28454858	0.14354262	0.030567788	-0.095472336	-0.2668841	-0.30931318	-0.20194787	-0.07163063	0.041622162	0.15570445	0.26724052	0.32047617	0.43557063	0.55220515	0.6976662	0.81675875	0.93406606	1.0284853	1.106464	1.2456231	1.3400005	1.4949739	1.5825492	1.6788665	1.8006816	1.8846459	2.0439787	2.1032043	2.0772746	1.9606384	1.8620175	1.7628963	1.6111379	1.5062673	1.3806452	1.2431183	1.1228435	0.98417056	0.8639413	0.7716857	0.64665234	0.5337248	0.43630663	0.33029112	0.20269066	0.0847681	-0.020484313	-0.124340676	-0.26252306	-0.35061958	-0.44542935	-0.5854587	-0.6112977	-0.68195784	-0.8013764	-0.88021487	-1.0004319	-1.1163133	-1.2405035	-1.3947886	-1.4806031	-1.4220488	-1.2692534	-1.1242929	-1.0155202	-0.87412596	-0.7570456	-0.69135934	-0.56112075	-0.41647556	-0.27611083	-0.16033864	-0.06584045	0.053281568	0.1300752	0.24568677	0.3812584	0.38524574	0.3400041	0.21194422	0.085819006	-0.030046988	-0.14610931	-0.2811993	-0.36201036	-0.47289374	-0.6335592	-0.73124987	-0.8693776	-1.018393	-1.0692544	-1.182919	-1.3145282	-1.418416	-1.5517133	-1.7174667	-1.7188126	-1.5643365	-1.4448551	-1.3548485	-1.231203	-1.1790589	-1.0539545	-0.95730233	-0.83209467	-0.7334606	-0.60454386	-0.43435082	-0.37241513	-0.24205576	-0.07343088	-0.008465138	0.15941413	0.26216134	0.32847965	0.43197274	0.5345641	0.67730975	0.7834617	0.863198	0.9111441	0.96196073	1.0213758	1.1014771	1.1366919	1.0648594	0.9581996	0.9315976	0.9019344	0.7150724	0.59445214	0.50891924	0.3790445	0.20000051	0.100376606	0.008473842	-0.13824588	-0.264463	-0.3791208	-0.45878273	-0.5632935	-0.70683676	-0.8355917	-0.94936574	-1.0653583	-1.1847154	-1.3018935	-1.3946635	-1.4731972	-1.5927523	-1.7063969	-1.7990122	-1.9719276	-2.025748	-1.9524107	-1.8141415	-1.7701863	-1.7159549	-1.6561989	-1.5822716	-1.510932	-1.3398999	-1.2361865	-1.1034253	-0.9666511	-0.86388224	-0.7656298	-0.6061847	-0.44797802	-0.25297126	-0.20807952	-0.0884193	-0.03488762	-0.12375242	-0.2284174	-0.32786122	-0.4167501	-0.47118697	-0.671582	-0.83299553	-0.90245366	-1.0389932	-1.1409485	-1.2732537	-1.4164996	-1.3574111	-1.2213241	-1.1233443	-1.0231805	-0.9229921	-0.8168991	-0.80619055	-0.724209	-0.63933986	-0.6060176	-0.50304925	-0.49303055	-0.4129898	-0.31548113	-0.16022897	-0.053915314	0.009682223	0.045124996	0.085525975	0.1956853	0.19444299	0.30983588	0.36189416	0.3721904	0.49145523	0.5403095	0.5947539	0.6225807	0.68170446	0.8113904	0.90980345	0.97230816	1.0199682	1.1052992	1.2053921	1.3069743	1.4430082	1.5736946	1.74267	1.90403
2.3834417	2.3515089	2.3230455	2.2633224	2.1756225	2.1660857	2.1088164	1.9721388	1.8799264	1.7933519	1.7161698	1.623613	1.5011746	1.4616156	1.345542	1.2297419	1.0632154	1.0273538	0.91134506	0.79375887	0.6252691	0.5592835	0.39349234	0.36061707	0.24875765	0.09358895	0.022680726	-0.11216564	-0.19558074	-0.3646199	-0.46985888	-0.572294	-0.67521155	-0.7567951	-0.82932675	-0.8117731	-0.7101776	-0.6411425	-0.5114847	-0.3998409	-0.30482876	-0.21697113	-0.20121565	-0.17426264	-0.24163423	-0.3036692	-0.44908127	-0.53955895	-0.68823195	-0.80733365	-0.9040874	-1.040701	-1.0824441	-1.2531515	-1.3088679	-1.3982087	-1.4529362	-1.4656495	-1.4946488	-1.4954462	-1.574107	-1.6281208	-1.7001555	-1.7760725	-1.8328804	-1.9173028	-1.9020565	-1.9078859	-1.851071	-1.8080065	-1.6886646	-1.5641437	-1.4378512	-1.3336589	-1.247566	-1.1748112	-1.1061459	-0.9971038	-0.9262943	-0.8281857	-0.7211757	-0.5915385	-0.45465404	-0.3378922	-0.28719866	-0.17204078	-0.083506644	-0.03297231	0.0027979184	0.063751094	0.19521703	0.31982774	0.44474187	0.57185256	0.69854903	0.8734994	0.98243594	1.0936294	1.1923926	1.3067133	1.4116461	1.5146834	1.5690244	1.6913488	1.6938759	1.6363946	1.6634808	1.5839211	1.5683881	1.5192876	1.4010524	1.3660542	1.3866978	1.2355763	1.1730795	1.0880684	0.9988663	0.9050594	0.73916155	0.6214514	0.44477794	0.31814438	0.24323255	0.098413065	-0.04423948	-0.24473241	-0.31078976	-0.44768453	-0.5745749	-0.70006454	-0.8376056	-0.9588489	-1.0263312	-1.042581	-1.0238066	-0.9864949	-0.8993587	-0.8217534	-0.7394871	-0.66509235	-0.56861854	-0.47278643	-0.3798083	-0.29514256	-0.21561751	-0.11706858	-0.06186333	-0.019848812	-0.025960684	-0.022017818	-0.055255882	-0.1146374	-0.19282426	-0.2746967	-0.2725887	-0.37713674	-0.40754735	-0.5203856	-0.61021537	-0.66627735	-0.7545152	-0.7271179	-0.7040398	-0.6672213	-0.57994914	-0.46037453	-0.357589	-0.2418143	-0.14295365	-0.033238064	0.06946169	0.16838178	0.27009842	0.36604312	0.46505663	0.5630464	0.6616154	0.7566593	0.8579769	0.9612347	1.067697	1.169518	1.2753981	1.3861088	1.4966452	1.5982788	1.648446	1.6944349	1.6988703	1.6514693	1.5856698	1.4770292	1.3917495	1.2734753	1.156262	1.0096333	0.9662795	0.84035146	0.75009006	0.66125065	0.5108812	0.44792843	0.3281704	0.24329256	0.10582769	-1.4565885e-06	-0.1066563	-0.1842498	-0.22640459	-0.26918048	-0.2029877	-0.12070538	-0.009089499	0.07846413	0.17894864	0.3117512	0.4051454	0.4836609	0.45427138	0.38988286	0.31688118	0.2223848	0.12621728	0.024380421	-0.090518676	-0.21378583	-0.39662293	-0.47859266	-0.5944974	-0.7201315	-0.8154496	-0.91179544	-1.0097269	-1.1232606	-1.205754	-1.1889806	-1.1163461	-1.1027234	-1.0615594	-1.0669888	-1.1010408	-1.0958637	-1.1217502	-1.0958802	-1.0934469	-1.0529066	-1.0132617	-0.938069	-0.8741638	-0.8060466	-0.7286284	-0.6530058	-0.5798143	-0.5115186	-0.4445604	-0.36481643	-0.28948173	-0.21356514	-0.13705434	-0.048582952	0.034042682	0.12152399	0.20277543	0.2959832	0.37590918	0.46562487	0.55968684	0.6436218	0.7322744	0.8165616	0.9053834	0.9867168	1.0822877	1.1491407	1.2389184	1.338332	1.4123489	1.5161753	1.6205466	1.7002131	1.8331585	1.8709707	1.9664576	2.0079186	2.0965014	2.0395615	1.907758	1.8531613	1.6942048	1.6111311	1.5603302	1.4033475	1.3658841	1.2040998	1.145527	0.98653483	0.8994259	0.8648099	0.6979606	0.6456447	0.5253162	0.4439665	0.29401815	0.17057633	0.10238561	-0.034532648	-0.09466989	-0.19066523	-0.17685588	-0.09784821	-0.036696717	0.058801003	0.02509531	-0.07727899	-0.12719053	-0.18950897	-0.28464675	-0.31184894	-0.38315165	-0.41445565	-0.5320332	-0.57581955	-0.64523613	-0.6878295	-0.7908974	-0.91506547	-1.0556159	-1.1093928	-1.2205472	-1.3080732	-1.4179351	-1.5193446	-1.5972233	-1.6561562	-1.7316544	-1.8081859	-1.8949788	-1.973236	-2.0316665	-2.0650094	-2.0664725	-2.0480318	-2.025352	-1.992929	-1.9020597	-1.8164058	-1.7091941	-1.607444	-1.5223277	-1.4261785	-1.3026276	-1.2014933	-1.1101726	-0.98706335	-0.9049832	-0.83153063	-0.75653356	-0.66610557	-0.5569302	-0.4689724	-0.36915487	-0.30626288	-0.2762634	-0.22984272	-0.23802094	-0.25487584	-0.34238645	-0.3982041	-0.50650454	-0.61256146	-0.71838355	-0.86634254	-0.97737676	-1.1090308	-1.2040298	-1.247405	-1.2885063	-1.2302982	-1.1869409	-1.0920367	-1.0223647	-0.9175484	-0.81495947	-0.7208802	-0.62096226	-0.53658444	-0.43512902	-0.34719476	-0.24444667	-0.14427377	-0.04555273	0.069721036	0.16985147	0.1629556	0.14244136	0.17326236	0.22496592	0.24344483	0.13877384	0.027720679	0.009659495	-0.08788718	-0.21689954	-0.3345812	-0.43370372	-0.523507	-0.6704831	-0.74839914	-0.87475437	-0.94801223	-1.0071502	-1.0484086	-0.9854816	-0.9328703	-0.84410477	-0.7545674	-0.6551506	-0.5493695	-0.4493579	-0.3747762	-0.2908167	-0.20490418	-0.11651017	-0.049189053	0.029941965	0.10364744	0.1908125	0.2806289	0.33579606	0.4206718	0.5073017	0.577096	0.6482158	0.6754305	0.70545614	0.7144526	0.6682305	0.6096802	0.5021955	0.3971006	0.3265746	0.20481092	0.08285051	-0.0063234814	-0.10953217	-0.19102508	-0.2844461	-0.3920734	-0.49235398	-0.6027873	-0.66419584	-0.7449961	-0.75800073	-0.666781	-0.5990588	-0.49077967	-0.37844908	-0.2526667	-0.15348865	-0.036580015	0.077545665	0.21181436	0.31278524	0.43081927	0.540729	0.6553501	0.76525146	0.86149484	0.9203051	1.027126	1.0058763	0.9147627	0.8544317	0.7587493	0.6465749	0.54667306	0.40109956	0.31037134	0.20134683	0.06869453	-0.05940619	-0.18696788	-0.27785882	-0.37016535	-0.4055977	-0.4706322	-0.359594	-0.2621673	-0.17640673	-0.099158324	-0.08704934	0.07717203	0.18602051	0.33697677	0.46538234	0.6052483	0.7560433	0.9020336	1.0507613	1.1756238	1.3116686	1.4404384	1.5579253	1.6820973	1.7998228	1.928205	2.013688	2.138606	2.1774602	2.3198855	2.3265276	2.402883
1.8539948	1.7502829	1.6667626	1.5670493	1.4854357	1.4193444	1.3238935	1.1854824	1.1125162	1.0195177	0.9389377	0.85513353	0.767777	0.67458105	0.59033686	0.50141627	0.4488126	0.31653872	0.26628166	0.13619824	0.04330405	0.009614319	-0.119691044	-0.14642408	-0.2702311	-0.325248	-0.4480975	-0.49266014	-0.572423	-0.6350656	-0.699139	-0.79608977	-0.8369032	-0.91235965	-0.9510074	-1.0162107	-1.0497999	-1.110406	-1.1331656	-1.0897001	-1.0718358	-1.0412291	-1.039264	-1.0709094	-1.1093644	-1.1738628	-1.2304595	-1.1621295	-1.058832	-0.9420145	-0.84654415	-0.7768679	-0.635073	-0.51876	-0.40793058	-0.3005811	-0.18560688	-0.05922903	0.06347011	0.16920844	0.25005838	0.35064793	0.39115223	0.4633851	0.4163869	0.34370816	0.23984744	0.13007128	0.031648308	-0.08250546	-0.17599177	-0.26817912	-0.27092242	-0.2016449	-0.13960628	-0.033453733	0.07525899	0.18114719	0.30230847	0.39427578	0.49685502	0.58774036	0.70680964	0.79019034	0.8894201	0.99086475	1.1020484	1.2029536	1.3339392	1.4203122	1.5058407	1.6055032	1.6877247	1.7018285	1.6761358	1.6087695	1.5571259	1.4152411	1.3385845	1.2458109	1.1015532	1.051871	0.90622723	0.85106975	0.68208265	0.6314735	0.5194091	0.40486604	0.32243624	0.17624502	0.09952868	-0.020255141	-0.09575401	-0.20102586	-0.3122542	-0.39267784	-0.52781206	-0.6243925	-0.7339107	-0.7326798	-0.7622042	-0.7219316	-0.6284667	-0.53605396	-0.44350314	-0.37254393	-0.29868954	-0.26489577	-0.25301617	-0.123223364	-0.054747336	-0.011744708	-0.031005356	-0.020813728	-0.017336171	-0.06845305	-0.18864411	-0.25728738	-0.34773567	-0.4409408	-0.5188241	-0.6149719	-0.68762016	-0.77361196	-0.85374296	-0.9584309	-1.0242368	-1.0462538	-1.0298334	-0.9800303	-0.8928237	-0.7691928	-0.64401627	-0.51316315	-0.36839703	-0.23627718	-0.10879151	0.012451734	0.15110517	0.29932716	0.42310104	0.54932463	0.69798243	0.8320741	0.9361752	1.0493199	1.1338029	1.212853	1.3064021	1.3775394	1.432559	1.5008225	1.5829544	1.6091751	1.66068	1.6547643	1.6700189	1.6986331	1.6379286	1.5126581	1.4526467	1.3645457	1.2253484	1.1404582	1.0102059	0.88878673	0.76282614	0.6762501	0.55485487	0.4311942	0.269496	0.11951213	-0.010525033	0.006279989	-0.050598405	-0.10222275	-0.22264753	-0.3391346	-0.38844892	-0.5770156	-0.66091835	-0.8363137	-0.87278086	-0.99663895	-1.0955696	-1.150222	-1.2244291	-1.2832112	-1.3660069	-1.5136778	-1.6185058	-1.7450949	-1.8033767	-1.9032533	-1.9125162	-1.9181055	-1.8634189	-1.800016	-1.7183243	-1.6592478	-1.6106182	-1.561634	-1.5203291	-1.5040876	-1.4605078	-1.424245	-1.3602184	-1.2708247	-1.1772398	-1.0563903	-0.9599094	-0.8330311	-0.6929095	-0.5919358	-0.47811306	-0.36011976	-0.27792576	-0.19290529	-0.18417014	-0.19065672	-0.25014386	-0.3367202	-0.49364933	-0.5883238	-0.6978978	-0.7788588	-0.84955055	-0.78638655	-0.7224366	-0.62161714	-0.5146594	-0.40192014	-0.28128973	-0.15599643	-0.048688836	0.0695897	0.1803354	0.2906702	0.3942985	0.49983364	0.61090344	0.72204787	0.8262688	0.922823	1.0382557	1.1585524	1.2588532	1.3740402	1.4794985	1.5779383	1.6903821	1.7764257	1.8591243	1.9807677	2.0403354	2.128795	2.1502683	2.2726655	2.302484	2.3597906	2.3872643	2.3583398	2.3592148	2.3461483	2.2497232	2.127348	2.0722644	1.9101106	1.859645	1.7302169	1.6164807	1.4939052	1.3721768	1.25133	1.053566	1.0053556	0.81310284	0.6955887	0.53930086	0.44322762	0.25001436	0.12772362	0.013851304	-0.1069475	-0.119197845	-0.23315006	-0.34715635	-0.42955637	-0.45995516	-0.3752409	-0.3128693	-0.19120024	-0.11080664	-0.011166164	0.110147096	0.24544795	0.33590603	0.45338848	0.581314	0.68011755	0.8175631	0.9128608	0.9756443	1.0344938	0.9787212	0.9152476	0.8153435	0.70463043	0.6050125	0.46762118	0.36122143	0.22080582	0.108089894	0.0070991963	-0.081636615	-0.20451096	-0.3158668	-0.44370228	-0.5237523	-0.6337642	-0.7086649	-0.76783836	-0.69729924	-0.62752616	-0.5304519	-0.4255794	-0.33781365	-0.24210185	-0.14002933	-0.034202207	0.054983728	0.13069598	0.25697637	0.35386947	0.4510701	0.5613263	0.63955665	0.7117775	0.71725124	0.68753606	0.6684724	0.5934587	0.52141637	0.46981883	0.3817759	0.32457674	0.23693259	0.15691699	0.06655325	-0.00034658425	-0.09065806	-0.16589719	-0.2489425	-0.34468496	-0.41428035	-0.514023	-0.59696996	-0.7218528	-0.7924457	-0.8874228	-0.9786767	-1.0321269	-1.0343255	-0.96929955	-0.893312	-0.8071994	-0.7021429	-0.59678733	-0.48129612	-0.37654948	-0.26690766	-0.16213925	-0.06336902	0.045870416	0.12689559	0.20205697	0.2327534	0.21298392	0.14841805	0.18500331	0.18959957	0.14038073	-0.016589113	-0.10166318	-0.21271345	-0.31973276	-0.3944902	-0.47191188	-0.5720977	-0.6551763	-0.74792224	-0.8465184	-0.95401204	-1.0498365	-1.1503611	-1.2437674	-1.2665032	-1.2910099	-1.2270184	-1.1356738	-1.0355487	-0.9083159	-0.80846286	-0.67767966	-0.5424006	-0.43942806	-0.36928007	-0.29078975	-0.24576038	-0.21850732	-0.25037485	-0.2839976	-0.35402405	-0.4351216	-0.5338085	-0.63058335	-0.70729005	-0.77755326	-0.9003036	-0.9365002	-1.0893126	-1.1572672	-1.2976291	-1.3852711	-1.5098978	-1.5906698	-1.6708171	-1.7825749	-1.8495716	-1.948485	-1.9634143	-2.0252812	-2.0649915	-2.0657256	-2.0380602	-1.9819751	-1.9413533	-1.8690221	-1.7965839	-1.6883264	-1.6135265	-1.5683049	-1.4698948	-1.3604907	-1.2750235	-1.1693935	-1.0483103	-0.95422155	-0.84712714	-0.73950875	-0.6563069	-0.58399963	-0.52482754	-0.48673055	-0.42517883	-0.35604662	-0.30651814	-0.2520246	-0.12578772	-0.07116489	-0.006242808	0.07960537	0.013620684	-0.08502758	-0.13157322	-0.21996388	-0.14779982	-0.039257742	0.044316232	0.15439352	0.24959783	0.35673076	0.47490233	0.5722698	0.6643695	0.77214366	0.8645113	0.97551686	1.0897986	1.1722914	1.2781804	1.3988461	1.5115235	1.5912608	1.718478	1.8006626	1.9098463	1.9936507	2.0704913	2.0686045	1.9861289	1.9590297
1.3532231	1.4334745	1.3594314	1.2224588	1.1305859	1.1127089	1.0992078	0.9537592	0.7633413	0.68941367	0.50545806	0.41100103	0.28607076	0.15394722	-0.045930207	-0.18415464	-0.2999003	-0.41168374	-0.48412365	-0.4162463	-0.37785533	-0.26487574	-0.15544759	-0.0597931	0.043765258	0.17773667	0.2740462	0.37593865	0.48485208	0.6235179	0.74077636	0.8661222	0.9894895	1.1037533	1.2448219	1.3606964	1.4695914	1.572676	1.6836741	1.767499	1.8629463	1.8342865	1.8527211	1.895442	1.7909088	1.7072114	1.5525627	1.4845246	1.3369799	1.2339765	1.0786474	1.001459	0.8607119	0.707689	0.5947699	0.48433995	0.41336694	0.269195	0.2301001	0.3325275	0.43827522	0.5073105	0.65207803	0.7550851	0.8669387	0.9862451	1.1282178	1.2418025	1.3917055	1.4695369	1.4845499	1.4218465	1.585591	1.5265785	1.4846617	1.4429599	1.3658556	1.2416421	1.1142489	1.0397139	0.9471323	0.7680329	0.6962421	0.5822873	0.4458038	0.3572285	0.2913741	0.17776023	0.13456583	0.124251574	0.26770216	0.30059057	0.44467905	0.5557027	0.70109844	0.9391781	1.0207436	1.1667336	1.2674501	1.4255174	1.4436555	1.4095156	1.4863514	1.4138471	1.387428	1.2374158	1.1581562	1.027063	0.9162134	0.7497394	0.5819354	0.4723258	0.29728448	0.14720395	0.038684066	-0.072218224	-0.14031799	-0.29525897	-0.40620604	-0.48771647	-0.5945591	-0.7037853	-0.7364049	-0.69791245	-0.58781004	-0.43711776	-0.336754	-0.18837774	0.0137696415	0.1554639	0.26177022	0.39114648	0.55672264	0.65572035	0.7742549	0.88288987	1.0091529	1.0963265	1.127507	1.1420044	1.1420311	1.1590104	1.0638416	1.0142835	0.9520653	0.9441227	0.83233637	0.80121636	0.6793803	0.579882	0.5809095	0.52027565	0.3771688	0.25380933	0.2377738	0.16275738	0.08333236	-0.0926107	-0.12094633	-0.1944214	-0.3261759	-0.4335821	-0.4966825	-0.66138124	-0.75092405	-0.8888801	-1.0108407	-1.1315838	-1.2471836	-1.3385586	-1.4244871	-1.3859255	-1.2822973	-1.1768703	-1.0633986	-0.96345603	-0.81917936	-0.7048818	-0.58924925	-0.47944337	-0.33946183	-0.22392611	-0.114715524	0.036483273	0.13077846	0.24893764	0.32577774	0.3767545	0.3328536	0.36075428	0.37380606	0.29608378	0.20277727	0.10914639	0.0086804265	-0.10293333	-0.23989059	-0.38784865	-0.5070072	-0.6582344	-0.7232367	-0.85243785	-0.9498651	-1.1016318	-1.1859183	-1.3054044	-1.3969406	-1.4776224	-1.5535759	-1.6157392	-1.7195172	-1.8043298	-1.8916886	-1.9681923	-2.0372236	-2.1112413	-2.129649	-2.135813	-2.0757802	-2.0180318	-1.9115899	-1.8030549	-1.6899469	-1.5869254	-1.4753906	-1.4070046	-1.2818316	-1.2081628	-1.0940667	-1.0486791	-0.9063957	-0.80621797	-0.69272196	-0.5885017	-0.50387824	-0.37450257	-0.28001082	-0.19006786	-0.074398614	0.040474422	0.13409382	0.28966093	0.34547743	0.42054445	0.44761437	0.40373257	0.3253862	0.24067041	0.15792018	0.05110719	-0.070232734	-0.1737356	-0.29433152	-0.37526116	-0.4436617	-0.5958797	-0.68680865	-0.82399607	-0.9574419	-1.0978684	-1.2070998	-1.2679192	-1.2246251	-1.2156992	-1.1618254	-1.1774414	-1.1359459	-1.0311567	-0.9490417	-0.83863485	-0.7078453	-0.5690242	-0.43082875	-0.31067544	-0.18330243	-0.064770654	0.03470736	0.15396908	0.26647222	0.35955262	0.45434204	0.5624405	0.69492203	0.8085488	0.9121561	1.0254347	1.1663418	1.3037311	1.4222401	1.5653319	1.706293	1.8640373	2.0010219	2.0804138	2.1352224	2.080631	2.0239747	1.8879535	1.815081	1.6588167	1.5797668	1.4432464	1.3071668	1.3091043	1.2122439	1.114601	0.9546958	0.8723411	0.7632725	0.6391982	0.51521546	0.46267393	0.3384823	0.13705881	0.115611814	0.016275648	-0.09599428	-0.24905455	-0.3396123	-0.4948494	-0.57930374	-0.7007487	-0.79608464	-0.8988359	-0.90729034	-0.9179892	-0.8601923	-0.7726946	-0.6915133	-0.5731799	-0.45786193	-0.37893102	-0.27250475	-0.14951959	-0.07234166	0.009416083	0.08827732	0.19927414	0.2919413	0.36879754	0.44504544	0.55119854	0.6660191	0.74022794	0.8307497	0.92927086	1.0230057	1.1129143	1.2307178	1.2909368	1.4096696	1.4930239	1.5863171	1.5793688	1.575782	1.5577725	1.3867201	1.3139	1.1607616	1.105688	0.96099824	0.8221974	0.73260933	0.6260658	0.56469345	0.47671798	0.38497376	0.29072636	0.10250303	0.055513263	-0.07728927	-0.16683675	-0.21640658	-0.3166822	-0.4096136	-0.56137294	-0.6176275	-0.7231295	-0.77078885	-0.89392674	-1.0251025	-1.1380175	-1.1919779	-1.1297175	-1.181475	-1.2097611	-1.2774525	-1.3956219	-1.4502056	-1.5563172	-1.7162764	-1.8323839	-1.829407	-1.8296151	-1.7663373	-1.6195189	-1.5196371	-1.4678268	-1.3431588	-1.2146103	-1.1599872	-1.0718116	-0.9910499	-0.87778723	-0.79652053	-0.76097804	-0.663292	-0.5753072	-0.45375425	-0.4026294	-0.30102822	-0.15855128	-0.0076597743	0.08332351	0.20941707	0.32977578	0.46249878	0.5129799	0.5285943	0.50231457	0.47023305	0.36167356	0.2274582	0.095514685	-0.054768838	-0.16183774	-0.31864843	-0.42030367	-0.5253716	-0.6119213	-0.73303276	-0.8428157	-0.9619224	-1.0519953	-1.1455524	-1.2662282	-1.3273057	-1.4351106	-1.492851	-1.664356	-1.7015785	-1.7825643	-1.9221054	-1.9931667	-2.0469928	-1.9800754	-1.9460849	-1.8635961	-1.8196049	-1.7754674	-1.7101071	-1.67866	-1.6311933	-1.6026946	-1.5381229	-1.5115234	-1.38201	-1.2942756	-1.1783997	-1.0839155	-0.9220497	-0.8287979	-0.7202173	-0.62094086	-0.49588472	-0.39587232	-0.3080202	-0.1679986	-0.06835266	6.730482e-05	-0.007716704	0.121589705	0.11639603	0.04218325	-0.07552807	-0.123183966	-0.2133839	-0.34747887	-0.4783683	-0.56591594	-0.6996624	-0.7650038	-0.8601342	-0.936856	-0.92113286	-0.81400585	-0.67206514	-0.57341146	-0.45322147	-0.3479063	-0.23441721	-0.14609188	-0.056200653	0.047361452	0.12067295	0.19928256	0.27733716	0.35721165	0.428246	0.5105655	0.5759958	0.63632596	0.7166588	0.78759223	0.84031355	0.92734075	1.025567	1.0435269	1.1103575	1.194065	1.205435	1.2851341
1.4765899	1.4640958	1.4492584	1.3050143	1.1577656	1.0442054	0.87251544	0.75189507	0.5952806	0.46593723	0.31666282	0.19931604	0.23474683	0.36673397	0.51888883	0.6262017	0.73608905	0.8478239	0.9428482	1.0620686	1.2130288	1.3172266	1.4383553	1.5057589	1.5383629	1.6444924	1.7578465	1.8958551	1.8652434	1.7217604	1.6023868	1.4838761	1.3486776	1.201188	1.1355287	0.9687138	0.8644878	0.73749804	0.6024979	0.4813887	0.34714392	0.2559444	0.21689105	0.21019776	0.11447464	0.037073866	0.117161244	0.13807191	0.16326222	0.15159667	0.18710205	0.28216124	0.40846404	0.52344745	0.60602826	0.72055024	0.77737033	0.89345485	0.9792325	1.0345441	1.1520435	1.2772602	1.4562291	1.4079883	1.3104496	1.2407104	1.1319915	1.1478347	1.0450592	0.9654141	0.85038483	0.7784336	0.6602398	0.573743	0.4916412	0.3470104	0.2537101	0.23589897	0.16704664	0.15821882	0.016485183	-0.0470462	-0.047451563	-0.03294409	-0.014711836	-0.027967133	-0.04599312	-0.14326666	-0.23866516	-0.3959097	-0.50725454	-0.55352926	-0.49114564	-0.39380386	-0.3424211	-0.29109645	-0.26604384	-0.21011774	-0.20090653	-0.1348709	-0.09254743	0.010481923	0.06481538	0.14735028	0.17962103	0.21635531	0.30905694	0.4108752	0.48364875	0.4548635	0.37205407	0.23168986	0.16668344	0.113593444	0.042023547	-0.048939385	-0.088239096	-0.17599082	-0.2030043	-0.30825847	-0.34757802	-0.42653385	-0.4668241	-0.523911	-0.5832099	-0.6468511	-0.7229456	-0.85699034	-1.0102624	-1.1492273	-1.1623194	-1.1633161	-1.1035751	-1.0569537	-1.0586535	-0.9707615	-0.8981378	-0.8749426	-0.7885076	-0.7333099	-0.6366301	-0.564934	-0.44250268	-0.38436142	-0.29308316	-0.18432389	-0.085267596	0.058065787	0.16152605	0.24841595	0.3964276	0.4849936	0.59806716	0.7161755	0.8812299	0.9421024	1.0658991	1.1430317	1.2496572	1.3102113	1.2998362	1.2205713	1.0820779	0.985493	0.8802785	0.7599414	0.6589205	0.5615385	0.40375048	0.2985326	0.17934692	0.03559428	-0.12256077	-0.26590863	-0.3828245	-0.51387864	-0.6695218	-0.8338902	-0.9636176	-1.0264416	-0.89977664	-0.7649388	-0.6946439	-0.5517965	-0.4707521	-0.44725135	-0.40285456	-0.48389018	-0.6005297	-0.68799216	-0.8520089	-1.0083777	-1.198948	-1.3365571	-1.2935364	-1.1367978	-1.005486	-0.89738417	-0.7651041	-0.6845038	-0.52710223	-0.43895417	-0.32808638	-0.1383285	-0.023259617	0.058305405	0.20556094	0.28861037	0.42885765	0.5441229	0.66035056	0.7997107	0.932709	1.0638436	1.0037723	0.92081666	0.7771954	0.65875065	0.5436548	0.41948667	0.30326223	0.18922393	0.0668147	-0.04368893	-0.183617	-0.3055932	-0.46078297	-0.5770377	-0.70640725	-0.8357729	-0.9670338	-1.0750356	-1.2173634	-1.3456914	-1.4842802	-1.6215467	-1.7097651	-1.8297707	-1.93317	-2.0548747	-2.1442637	-2.27279	-2.2220562	-2.12728	-2.0467634	-1.9570596	-1.8662363	-1.7435645	-1.671202	-1.5548965	-1.4514188	-1.3253386	-1.2187067	-1.0911353	-0.982704	-0.8637775	-0.7567189	-0.62756586	-0.4689798	-0.35814607	-0.27954444	-0.14069751	-0.0101893945	0.07371868	0.23376372	0.31431597	0.45239162	0.596064	0.7032407	0.837004	0.90590304	1.0387633	1.1515464	1.2843015	1.4229246	1.5166972	1.421646	1.2544497	1.1424104	1.0090518	0.89738256	0.7928306	0.69561255	0.559445	0.42447498	0.3184592	0.19824749	0.08661775	-0.046897326	-0.16437964	-0.30440357	-0.2857304	-0.16167594	-0.0046040677	0.10655791	0.2200136	0.3480465	0.4321248	0.5459131	0.7046619	0.789983	0.9470992	1.034635	1.1479535	1.2807302	1.3940117	1.5511124	1.6242148	1.6219394	1.4658294	1.3540707	1.2416949	1.1301292	1.0231572	0.88376313	0.79520947	0.66521305	0.5497503	0.41901726	0.30523774	0.16428712	0.19535601	0.20624313	0.3351061	0.4868972	0.64970237	0.71147436	0.61604714	0.48111305	0.34877864	0.23942652	0.12803234	0.025209479	-0.08808738	-0.19622295	-0.2956677	-0.41182336	-0.5400935	-0.6777805	-0.80428386	-0.90765303	-1.0390565	-1.1724083	-1.2881312	-1.3842018	-1.494162	-1.6141169	-1.7253423	-1.7975566	-1.8806415	-2.0072827	-2.0699809	-2.0811188	-2.1260626	-2.186029	-2.2128901	-2.200946	-2.0894296	-2.022343	-2.0098765	-1.932864	-1.9040953	-1.8390933	-1.7887063	-1.7051898	-1.5783377	-1.5073963	-1.3775195	-1.2468818	-1.1111329	-1.0018361	-0.9227865	-0.75849915	-0.64626527	-0.56165373	-0.39231324	-0.3092197	-0.19437295	-0.024226874	0.05603162	0.17588845	0.25699738	0.3770677	0.37926668	0.4108859	0.29773003	0.13462035	-0.0016115811	-0.11321756	-0.19692312	-0.38697654	-0.46848205	-0.55195165	-0.6838533	-0.84307116	-0.8931803	-0.99459654	-1.1479474	-1.2356952	-1.3439248	-1.4598688	-1.5350853	-1.5883304	-1.6758026	-1.7036645	-1.6946268	-1.7394601	-1.7915761	-1.8105402	-1.8439704	-1.8412075	-1.7977878	-1.7673901	-1.6338959	-1.573505	-1.5783956	-1.4826044	-1.4309053	-1.319316	-1.1864625	-1.0574257	-0.945126	-0.8562869	-0.7407624	-0.5765842	-0.4846637	-0.321818	-0.20395365	-0.11177503	0.0050889356	0.13653207	0.25618288	0.37266988	0.5242034	0.5857481	0.5544381	0.51011544	0.3881968	0.32347196	0.16719733	0.042859875	0.07256253	0.22815222	0.3583552	0.4670135	0.59940636	0.66227937	0.79460573	0.9058956	1.0386964	1.1775508	1.2637465	1.4237844	1.5097284	1.6245105	1.7581288	1.8762696	2.0431402	2.1009564	2.112629	2.112941	2.037946	1.971341	1.87645	1.8135842	1.7023083	1.6098368	1.5052671	1.4222891	1.3152976	1.2261935	1.1063123	1.0200105	0.90587896	0.8189602	0.71182805	0.6281907	0.54854524	0.45349473	0.3570517	0.27578387	0.18567325	0.090611495	0.023691583	-0.05938398	-0.1444742	-0.22875297	-0.30826354	-0.37977654	-0.4569064	-0.52592033	-0.55944055	-0.5967635	-0.6470452	-0.6632146	-0.6926342	-0.6613541	-0.54383236	-0.34709585	-0.21426095	-0.06483942	0.07912569	0.18514667	0.31245965	0.4483847	0.5802457	0.7391116	0.8909775	1.0696248	1.1573987	1.2978029	1.3498298
1.9007324	1.9157248	1.8548281	1.7685503	1.6140954	1.5759617	1.4932314	1.374763	1.29899	1.2493942	1.2068839	1.14977	1.0149119	0.9032159	0.8143466	0.67829305	0.6543735	0.60815835	0.50857013	0.40332872	0.31785795	0.23070753	0.06940763	-0.03024155	-0.13283625	-0.22145285	-0.33390117	-0.44422647	-0.5779576	-0.6973253	-0.71925807	-0.5773265	-0.4606377	-0.37207767	-0.22147256	-0.103638634	-0.009908751	0.13845913	0.2668387	0.36474976	0.49691686	0.65772176	0.7919398	0.904024	1.0409787	1.2087754	1.2803136	1.3768946	1.4528828	1.5233754	1.501991	1.4002817	1.3267182	1.2318134	1.1416311	1.0528884	0.99011123	0.90199584	0.7646926	0.65886045	0.59871525	0.49097988	0.3817215	0.27504876	0.1421137	0.09253899	0.1412308	0.21520433	0.2398936	0.28675652	0.27883798	0.27653947	0.24869685	0.22504103	0.14276937	0.12547478	0.2556932	0.38754398	0.5154876	0.6214324	0.71741396	0.80503154	0.90852386	1.0161065	1.12338	1.206845	1.3143109	1.3858272	1.485681	1.5725341	1.638267	1.6670836	1.6967744	1.6538008	1.591114	1.5265149	1.4232583	1.3234773	1.2266637	1.1229302	0.9888199	0.8697267	0.7236123	0.58821076	0.44721672	0.31292328	0.19061412	0.10815736	-0.038562093	-0.14078534	-0.26107678	-0.40559363	-0.53031427	-0.5125511	-0.38168627	-0.2621162	-0.12317768	-0.035351213	0.08048644	0.16312023	0.27643272	0.41219798	0.49576697	0.6321617	0.7459646	0.79191446	0.91000164	1.0496944	1.1697211	1.220425	1.3454419	1.4975883	1.6188626	1.634955	1.6161824	1.5180044	1.4050403	1.2851682	1.1427903	1.0116141	0.9035266	0.7886231	0.67661977	0.58234495	0.4603988	0.3633562	0.24963774	0.12910698	0.026537038	-0.08118403	-0.18876159	-0.32206696	-0.42757478	-0.53007257	-0.6572747	-0.7476742	-0.83234304	-0.92433435	-1.0055108	-1.0924522	-1.1885108	-1.3026386	-1.4119681	-1.5426487	-1.5382473	-1.3834037	-1.2528132	-1.1360816	-1.0600318	-1.0046527	-0.8483867	-0.7174891	-0.5715852	-0.48731816	-0.3887023	-0.20769629	-0.14473434	-0.01932771	0.10296403	0.22734718	0.41385546	0.47465038	0.5313737	0.5948821	0.6058096	0.6124361	0.6570737	0.7276533	0.7243878	0.7811067	0.77461106	0.6341142	0.6535864	0.56038666	0.46198845	0.3944658	0.356335	0.348293	0.2714939	0.22048047	0.118013375	0.0189371	-0.06309149	-0.21320532	-0.32265893	-0.46935663	-0.6074226	-0.7392279	-0.88441664	-1.0172447	-1.1408207	-1.2728375	-1.426284	-1.5828525	-1.6852702	-1.8175576	-2.0017934	-2.0523996	-2.001077	-1.9967116	-1.9439197	-1.9229552	-1.9170775	-1.8301264	-1.7323737	-1.5964279	-1.5237951	-1.41468	-1.3040237	-1.2097801	-1.076906	-0.9654986	-0.8538637	-0.7418166	-0.6277414	-0.48981145	-0.42591554	-0.28554484	-0.19956335	-0.11152331	0.005329406	0.12037599	0.20847085	0.349585	0.46783605	0.57422656	0.66176	0.79901433	0.90739167	0.9019494	1.013184	1.1259923	1.261596	1.3768705	1.487001	1.4833779	1.5543891	1.6669934	1.7671049	1.7952589	1.7846321	1.6797985	1.5481673	1.4345331	1.3599535	1.2585844	1.1191243	1.0440874	0.91906834	0.82180625	0.71917474	0.6316225	0.5030817	0.39230546	0.26624578	0.14558887	-0.0054740375	-0.10550647	-0.19771414	-0.33148798	-0.459992	-0.5542091	-0.65976745	-0.7479087	-0.87831444	-0.992774	-1.092518	-1.2510453	-1.2724457	-1.1527921	-1.0957339	-1.0653626	-0.9254561	-0.84256774	-0.7670904	-0.6373669	-0.5473363	-0.44164333	-0.35820073	-0.25461093	-0.13811202	-0.025387716	0.12815684	0.17705326	0.06302812	-0.043544367	-0.15606995	-0.25647107	-0.35801297	-0.4134878	-0.51034707	-0.63720816	-0.72736144	-0.75207037	-0.8098711	-0.90528566	-1.0142548	-1.0386903	-1.1238341	-1.1395717	-1.0812036	-0.9929325	-0.9603456	-0.9187014	-0.9306918	-0.88096493	-0.7767627	-0.68939567	-0.57160735	-0.49400443	-0.43460512	-0.32662636	-0.21668816	-0.079965696	0.012495986	0.026733007	-0.11880782	-0.25800964	-0.39012793	-0.5023285	-0.6143211	-0.68772495	-0.79655486	-0.9096757	-0.97591764	-1.0373214	-1.119478	-1.2379872	-1.3134372	-1.4123336	-1.3808746	-1.2404292	-1.1404094	-1.0306013	-0.90439	-0.7935992	-0.72241	-0.63878685	-0.5270877	-0.41366103	-0.28538954	-0.11409973	-0.024505056	0.1601344	0.2631693	0.39077154	0.5310979	0.64382136	0.7385647	0.79560405	0.8805306	0.9945022	1.0661236	1.1933914	1.2855322	1.3487258	1.4438192	1.5463643	1.6674494	1.6253877	1.6260347	1.473281	1.3513675	1.2322135	1.1130038	1.0282378	0.92741114	0.8078423	0.7072626	0.61738664	0.5152095	0.38901383	0.31942448	0.22694725	0.1031914	-0.012080217	-0.09414346	-0.20334104	-0.3223965	-0.425792	-0.54597723	-0.631944	-0.7549203	-0.89238554	-0.95917535	-1.0918787	-1.2221926	-1.3019032	-1.382447	-1.5212266	-1.6717058	-1.7750043	-1.9042293	-2.0161314	-2.0904088	-2.1455069	-2.2065332	-2.2759297	-2.32151	-2.346861	-2.402407	-2.3989413	-2.3877847	-2.355213	-2.232395	-2.1056452	-1.9780352	-1.8469394	-1.7184299	-1.5596263	-1.3985472	-1.3041523	-1.1769311	-1.0492011	-0.9219093	-0.7927645	-0.6943075	-0.5468966	-0.44345295	-0.36956504	-0.26528096	-0.1890347	-0.0580777	0.013919236	0.14859806	0.25493962	0.33662048	0.4216959	0.42540988	0.4924538	0.5585938	0.68165326	0.82706654	0.8476279	0.8541742	0.75851315	0.7285407	0.7319792	0.71994287	0.7173336	0.6741779	0.5764095	0.44795042	0.41133386	0.3418808	0.2789185	0.1762013	0.09228384	-0.059356097	-0.16504572	-0.27619612	-0.39651752	-0.4488105	-0.5127803	-0.6214169	-0.6715657	-0.75055414	-0.9048359	-1.0377749	-1.191743	-1.3678609	-1.442087	-1.3986647	-1.2611133	-1.1365451	-1.0509474	-0.9267912	-0.86570364	-0.7126823	-0.7096647	-0.61926675	-0.50162786	-0.37570375	-0.33324814	-0.21676211	-0.094369635	0.022180256	0.18687661	0.25910166	0.4259364	0.50052965	0.6048757	0.7619589	0.876074	0.97434825	1.0441135	1.1586399	1.2714671	1.3952837	1.53743	1.6615833	1.7963712
1.6796343	1.734645	1.7106822	1.7302576	1.671224	1.5712465	1.5955181	1.513744	1.5208118	1.3787067	1.3858088	1.2460084	1.1463351	1.0893923	0.9525791	0.8932917	0.7983839	0.82859105	0.8243911	0.8865898	0.9228952	0.88834846	0.8232412	0.7959196	0.8645519	0.80289185	0.75772935	0.66500974	0.60528964	0.51569676	0.4562325	0.32611245	0.26110408	0.20829551	0.189487	0.24049881	0.2780433	0.33727068	0.40659815	0.48472556	0.54555655	0.6177034	0.6979677	0.7773127	0.8421493	0.9104326	0.96597505	1.0299355	1.0700125	1.0941077	1.0706059	1.104317	1.178014	1.1791029	1.1795285	1.1830182	1.1951572	1.1636713	1.0976082	1.0358388	0.9726721	0.98384905	0.9616395	0.90803486	0.8418428	0.790848	0.7617512	0.681933	0.6418834	0.59386766	0.68514776	0.7321324	0.7959636	0.7458004	0.7519056	0.8711951	0.8172262	0.78245884	0.7479142	0.84524333	0.9193653	1.0419904	1.0973471	1.2321528	1.270819	1.3699394	1.4050661	1.5064301	1.607202	1.645314	1.6818086	1.7210255	1.8220109	1.8627175	1.8037158	1.8261104	1.8159298	1.8013688	1.7273926	1.6891325	1.6825452	1.591888	1.5201471	1.4264915	1.4669842	1.3211251	1.3613174	1.219025	1.1663431	1.1592904	1.0685672	1.0057591	0.91730225	0.9107663	0.7668457	0.7188672	0.71397096	0.5708187	0.5640763	0.42315707	0.4195843	0.27743492	0.23594022	0.23108172	0.086718954	0.08607817	-0.045435354	-0.054536693	-0.18392739	-0.28207028	-0.27839884	-0.420724	-0.47645628	-0.5537526	-0.6094409	-0.72098833	-0.7777008	-0.850271	-0.93458384	-1.0638355	-1.1594262	-1.2574308	-1.3477544	-1.4040438	-1.420512	-1.400142	-1.3578207	-1.28643	-1.2138135	-1.1403185	-1.0505036	-0.9643248	-0.8888178	-0.82449764	-0.74355763	-0.6674485	-0.5872148	-0.5208843	-0.4557129	-0.38015005	-0.30870366	-0.23494817	-0.16179128	-0.112204134	-0.058155924	0.016756596	-0.05254923	-0.08018956	-0.14738804	-0.14970644	-0.24180318	-0.30432218	-0.38557726	-0.46580973	-0.5289681	-0.6029625	-0.69595844	-0.7709393	-0.8462901	-0.93448764	-0.99441904	-1.0669781	-1.1031488	-1.2085422	-1.2814934	-1.3528361	-1.4180207	-1.4813347	-1.5430039	-1.5976052	-1.651615	-1.722605	-1.8042873	-1.8738093	-1.9134811	-1.97782	-2.001203	-2.0310566	-2.0027928	-1.9307011	-1.8879392	-1.7868866	-1.7339065	-1.6524675	-1.5542226	-1.5030129	-1.4499996	-1.3966783	-1.3442562	-1.2891294	-1.2300717	-1.1731086	-1.1229278	-1.0959326	-1.0089699	-0.9365801	-0.8200964	-0.75099206	-0.6663724	-0.5744532	-0.5097717	-0.43190005	-0.40580082	-0.36282638	-0.29600576	-0.19817185	-0.17107542	-0.132674	-0.07158356	-0.023393098	-0.023437649	-0.058868986	-0.11742374	-0.16582912	-0.25326595	-0.35193184	-0.44797316	-0.50537515	-0.5799119	-0.6783052	-0.7807429	-0.877924	-0.9706492	-1.0566485	-1.1199968	-1.079163	-1.0752757	-1.0254664	-1.0020598	-0.9558942	-0.8893455	-0.8136756	-0.75919276	-0.69826883	-0.6153702	-0.5280795	-0.4395109	-0.3701945	-0.30100024	-0.20067781	-0.12075893	-0.038660176	0.028623434	0.12101932	0.2075213	0.28448242	0.37058455	0.47354132	0.5707895	0.6709244	0.76725626	0.86135185	0.9719551	1.0647784	1.1528852	1.2471743	1.3354756	1.4068284	1.4409404	1.4677175	1.4997128	1.4064834	1.301343	1.2071785	1.1073021	0.9842014	0.88057023	0.8245143	0.7253668	0.598377	0.5241916	0.41260126	0.3570773	0.30119497	0.21165095	0.1511949	0.02784343	-0.01875288	-0.12647092	-0.12620129	-0.2350199	-0.22911488	-0.31014866	-0.38623127	-0.5091893	-0.55493224	-0.59454405	-0.7100119	-0.7412233	-0.81230366	-0.7370245	-0.70023537	-0.6539392	-0.61300576	-0.530712	-0.43276134	-0.36367038	-0.3072017	-0.22287445	-0.1392732	-0.06377994	0.0034666136	0.06338434	0.15411836	0.24568468	0.30910233	0.39310488	0.4841397	0.58074987	0.6438008	0.7402401	0.83494365	0.9389512	1.007133	1.1023923	1.2081739	1.3294407	1.4153923	1.5080879	1.5816883	1.6997896	1.7759871	1.7448393	1.7152097	1.6541862	1.555784	1.4928856	1.3948295	1.2957122	1.1970354	1.1719433	1.0335102	0.97489774	0.87547845	0.78006387	0.6844204	0.584754	0.4887207	0.30520266	0.2460936	0.15121555	0.01860054	-0.03763391	-0.17475003	-0.22930059	-0.34554723	-0.4144139	-0.43800557	-0.5696345	-0.62069404	-0.7378534	-0.8154779	-0.9223404	-0.9799428	-1.025481	-1.0767977	-1.0754039	-1.0456774	-0.9870661	-0.8916281	-0.86255896	-0.763473	-0.6351118	-0.5276204	-0.488787	-0.38105506	-0.28031996	-0.1846555	-0.16410041	-0.18357705	-0.16284278	-0.19088127	-0.20150135	-0.25723985	-0.31973192	-0.42244384	-0.46814176	-0.55367357	-0.6535103	-0.7233279	-0.8026706	-0.90286076	-0.96764463	-1.1028711	-1.1681263	-1.2257239	-1.2732396	-1.2923822	-1.3486035	-1.3979415	-1.4512179	-1.49885	-1.5495777	-1.6480786	-1.7129351	-1.7779616	-1.8809996	-1.9752624	-2.0386777	-2.0157561	-2.0254982	-1.959589	-1.8950946	-1.8533077	-1.804148	-1.7130473	-1.6538998	-1.5947872	-1.530659	-1.4604241	-1.3897684	-1.3881398	-1.3122599	-1.2355998	-1.1226343	-1.0816522	-0.97945017	-0.94239163	-0.87324774	-0.79950565	-0.70555896	-0.650163	-0.590448	-0.5127436	-0.42644486	-0.3543901	-0.30043578	-0.2392355	-0.16676551	-0.09212215	-0.04954429	-0.041297995	0.034466587	0.075427026	0.08066557	0.027172249	0.0004531853	-0.076903865	-0.18085985	-0.239096	-0.3043573	-0.37908402	-0.4318005	-0.52294195	-0.61081064	-0.6807258	-0.7517745	-0.8218302	-0.8272524	-0.8706594	-0.8082754	-0.72638136	-0.6717069	-0.6002013	-0.5034545	-0.43338388	-0.3376791	-0.27941963	-0.2042327	-0.13279656	-0.06937286	-0.0063846167	0.065213375	0.1304665	0.18066265	0.24596107	0.30317488	0.3720461	0.42736465	0.48552373	0.54738677	0.6158995	0.68014544	0.7246563	0.7902121	0.8198482	0.89252025	0.9247976	0.9838921	1.0183322	1.0858096	1.1342064	1.1931626	1.2408661	1.3072306	1.3531733	1.4215318	1.472777	1.5127301	1.5504382	1.6077344	1.6178961
1.534362	1.6305614	1.7234243	1.768443	1.8181378	1.8141439	1.7960851	1.743571	1.6287904	1.4835916	1.3403846	1.2014667	1.0997475	0.9832731	0.86401516	0.71909773	0.6145742	0.5102704	0.38792118	0.26425177	0.1569694	0.063906886	-0.03689331	-0.14860082	-0.29836833	-0.4136486	-0.5144114	-0.6363258	-0.77333003	-0.8683283	-0.9334217	-1.0407116	-1.1706527	-1.2977976	-1.4693846	-1.5424426	-1.4251944	-1.313411	-1.2699573	-1.2109184	-1.1724356	-1.0576789	-0.93914974	-0.8971624	-0.80169886	-0.75161046	-0.71416837	-0.61220545	-0.4580813	-0.30864805	-0.19284764	-0.07214583	-0.00072727166	0.17459735	0.31887755	0.4598832	0.51479405	0.61187387	0.56389093	0.41123298	0.22921799	0.11751959	-0.029783519	-0.0968144	-0.24405703	-0.39566556	-0.431437	-0.5046066	-0.6481085	-0.79877347	-0.82878554	-0.97795904	-1.0785365	-1.1027321	-1.2366221	-1.2930497	-1.3403524	-1.4322382	-1.5096009	-1.5801795	-1.6609807	-1.7853345	-1.927333	-2.024955	-2.1156192	-2.2783432	-2.264157	-2.2946415	-2.3682766	-2.4310563	-2.4038594	-2.28991	-2.2028406	-2.1333027	-2.0236661	-1.9821616	-1.8967445	-1.7560536	-1.6637555	-1.5554725	-1.4048582	-1.2962925	-1.1706549	-1.0387088	-0.93951154	-0.8111246	-0.6740334	-0.54954046	-0.41133735	-0.4103844	-0.32941583	-0.1900602	-0.05220838	0.0067467615	0.17158538	0.30027103	0.3683557	0.50508654	0.63394976	0.69256514	0.80301493	0.9411002	1.1148773	1.2164191	1.3251039	1.3117979	1.1607066	1.0238184	0.9213596	0.8180554	0.6889036	0.5914713	0.49428526	0.37099975	0.2261514	0.11045687	0.03681165	-0.07782297	-0.2337749	-0.3375844	-0.39778405	-0.5289384	-0.65804344	-0.7608585	-0.93374324	-0.9304786	-0.78013957	-0.67969674	-0.5511905	-0.49402198	-0.3621784	-0.19626305	-0.09456161	0.012695052	-0.045030132	0.018168466	0.15770414	0.33754957	0.44919005	0.5574708	0.6995516	0.7676896	0.8660276	0.9891661	1.0893681	1.2541126	1.310523	1.46234	1.5121493	1.5141535	1.4172285	1.2978206	1.182658	1.0510627	0.9963723	0.893815	0.7959885	0.66840386	0.57253563	0.4270135	0.24693267	0.097052574	0.013626657	0.07550026	0.23220055	0.3133715	0.3985916	0.4296294	0.47202063	0.5537077	0.6017309	0.69210863	0.71445465	0.7441373	0.79677725	0.8516924	0.99275714	1.0139866	1.0334456	1.0960729	1.2015007	1.3117223	1.3830632	1.413287	1.5213814	1.5934837	1.7057848	1.8175327	1.9642015	2.04227	2.0535574	1.9903004	1.8463254	1.7468251	1.6442119	1.5446877	1.4613984	1.3555484	1.2789855	1.202941	1.0931911	1.0192268	0.9453224	0.8685158	0.77013904	0.7073613	0.63667864	0.54633904	0.47652623	0.42856726	0.3767881	0.31663632	0.24412306	0.1902931	0.09488157	0.013562456	-0.07448909	-0.16279599	-0.2581042	-0.35702446	-0.4426638	-0.47868487	-0.52835107	-0.58934844	-0.67468244	-0.7121281	-0.74186385	-0.83085144	-0.9008524	-1.0048404	-1.109685	-1.2136449	-1.3536583	-1.2885439	-1.1301293	-0.99003327	-0.86525923	-0.7157281	-0.6458	-0.47787672	-0.4575025	-0.43447796	-0.584388	-0.7621738	-0.87546337	-1.022268	-1.1394773	-1.2204394	-1.3986064	-1.4829854	-1.4998223	-1.5527833	-1.6211536	-1.631165	-1.7091249	-1.8511212	-1.8570879	-1.7464492	-1.5823646	-1.4832193	-1.3524864	-1.2908738	-1.1931462	-1.0625169	-0.95975	-0.82771087	-0.72142494	-0.58852184	-0.478708	-0.3056292	-0.23903358	-0.074119925	-0.01298805	0.09707192	0.28332186	0.412273	0.5574732	0.59400004	0.7547989	0.8857868	1.0337911	1.1796608	1.3135228	1.4379638	1.4370335	1.5157202	1.6488322	1.686749	1.6501981	1.6074203	1.5046488	1.4583038	1.3888199	1.314054	1.2296695	1.1440649	1.0153202	0.90960634	0.8307382	0.6976286	0.5576857	0.43596807	0.3261335	0.20888577	0.07814227	-0.03425061	-0.16536587	-0.2896054	-0.3777475	-0.50348026	-0.6448316	-0.752828	-0.83883005	-0.9460692	-1.0457006	-1.1448923	-1.28052	-1.4177209	-1.4655082	-1.3621465	-1.2013332	-1.0529991	-0.94070864	-0.81283355	-0.76286167	-0.63468206	-0.52047896	-0.32866275	-0.21226513	-0.10285248	-0.01546775	0.13474002	0.24913254	0.4187888	0.46304545	0.44307512	0.28646946	0.17302513	0.057852328	-0.0703478	-0.21567915	-0.33025363	-0.44078347	-0.529839	-0.6556599	-0.8099509	-0.9209758	-1.0521983	-1.2035385	-1.1714814	-1.0023241	-0.8886673	-0.759212	-0.67797	-0.51570886	-0.46006918	-0.3058472	-0.2156952	-0.2379987	-0.13919872	0.034645617	0.093907714	0.2394601	0.36841592	0.42810193	0.5717657	0.70612174	0.8352833	0.939877	1.0718728	1.1291854	1.2357366	1.3756142	1.5491838	1.6217821	1.6944175	1.7611854	1.6800947	1.5296926	1.4282488	1.3251547	1.196263	1.0929916	0.9896915	0.8352648	0.73569167	0.63305247	0.55064684	0.44685	0.32174167	0.21962243	0.07568108	0.062336408	0.17731865	0.33951157	0.47918564	0.62772113	0.74993837	0.81829304	0.9740213	1.119532	1.2870768	1.325167	1.431405	1.4223764	1.3414662	1.2147077	1.096305	0.9757743	0.8231423	0.7103232	0.58690655	0.4617208	0.31703123	0.1493937	0.04688844	-0.07700867	-0.21003234	-0.30748296	-0.25657716	-0.33479184	-0.417601	-0.5485318	-0.6062876	-0.74391717	-0.85814685	-0.9936494	-1.1271825	-1.2578244	-1.3291779	-1.2418157	-1.0603833	-0.96332324	-0.8254449	-0.7323874	-0.67194444	-0.523771	-0.42189166	-0.36130038	-0.2488954	-0.21933834	-0.07392738	0.033536788	0.17963418	0.29167008	0.4440893	0.5230442	0.5354675	0.4369263	0.3776139	0.30396226	0.18142664	0.08936808	-0.044689752	-0.12552561	-0.23836143	-0.4150058	-0.53307897	-0.64763474	-0.68368614	-0.75687706	-0.8654887	-0.937733	-1.0874543	-1.2331648	-1.2723248	-1.1620814	-1.0443946	-0.9280987	-0.88949025	-0.7328845	-0.61178625	-0.5779203	-0.41413665	-0.2928234	-0.25014758	-0.12584066	0.030912304	0.07790297	0.24377525	0.28976294	0.39304256	0.48508987	0.60976624	0.76550066	0.89195734	0.9459641	1.0386145	1.1437186	1.3065461	1.3885226	1.4983665
1.6439435	1.5552889	1.4534202	1.3331085	1.1668575	1.0458779	0.9071985	0.7889817	0.68017185	0.49834332	0.36855036	0.26970956	0.11858262	-0.0015903758	-0.09444776	-0.115052685	-0.14270332	-0.19171558	-0.30840266	-0.43534318	-0.53906375	-0.6099259	-0.7348704	-0.8744165	-1.019479	-1.125345	-1.2037171	-1.2035888	-0.9924563	-0.89018995	-0.7860989	-0.6778585	-0.57405376	-0.4920344	-0.35354474	-0.28780234	-0.21579999	-0.1728752	-0.059939913	0.055379312	0.17257111	0.31531635	0.39558193	0.40171617	0.33273953	0.19432688	0.072733745	-0.0443011	-0.20164771	-0.25641218	-0.37354398	-0.5219053	-0.60129434	-0.6489589	-0.72383213	-0.8394572	-0.9468301	-1.0899959	-1.1779422	-1.1406388	-0.9967243	-0.91650605	-0.8643352	-0.71809876	-0.6605062	-0.52608454	-0.45459712	-0.3265948	-0.2094655	-0.08866827	0.00031637028	0.06831277	0.18957931	0.28344288	0.43115038	0.53771174	0.6337899	0.73125976	0.8014193	0.8976626	0.9956375	1.0908403	1.2321706	1.2710488	1.3720781	1.4731199	1.5390289	1.6084908	1.6203748	1.6541114	1.6254714	1.6014591	1.5797328	1.5082295	1.3598727	1.2160609	1.1004617	0.98476297	0.86924076	0.7521905	0.64016056	0.5314919	0.41572917	0.29893926	0.18657215	0.071864285	-0.047034904	-0.1744643	-0.26593363	-0.373376	-0.49800467	-0.60977054	-0.717098	-0.8266816	-0.9370291	-1.0198689	-1.1589042	-1.238845	-1.3751615	-1.5137589	-1.5088924	-1.3600154	-1.3133185	-1.2346338	-1.1872822	-1.1501195	-1.0613593	-0.94040537	-0.8955292	-0.7980825	-0.7760653	-0.7207593	-0.6243271	-0.48308787	-0.36207312	-0.24102555	-0.111442775	-0.015436564	0.104176566	0.25699505	0.43348825	0.5140267	0.56950486	0.66776794	0.6525214	0.56488055	0.3845674	0.23063505	0.11312586	-0.005621724	-0.0970569	-0.21758516	-0.37219042	-0.41649383	-0.49696067	-0.61162746	-0.79235387	-0.8396593	-0.911472	-1.0471268	-1.091291	-1.1726195	-1.2827094	-1.3383678	-1.3875339	-1.4841994	-1.5284089	-1.5974599	-1.6794904	-1.7780831	-1.9280136	-2.0534825	-2.1418061	-2.278789	-2.37673	-2.3821626	-2.3980427	-2.4727795	-2.5291388	-2.5302882	-2.4051359	-2.3486102	-2.2384748	-2.1587505	-2.0552356	-1.9933082	-1.8979201	-1.7995223	-1.6650258	-1.5733069	-1.4479758	-1.2916235	-1.1778588	-1.0569459	-0.9423646	-0.84470075	-0.71408975	-0.56604904	-0.45881164	-0.36828846	-0.3422024	-0.23535721	-0.13669775	-0.026938286	0.0810841	0.18669881	0.35318476	0.46140477	0.5205135	0.6799655	0.735037	0.8769428	0.9918644	1.1085374	1.2247977	1.3516568	1.4456455	1.4336773	1.2588013	1.1457592	1.0363916	0.9227253	0.81552106	0.7137083	0.613962	0.50934225	0.37512746	0.28899342	0.15750094	0.042526796	-0.09000095	-0.19815089	-0.27958205	-0.38887274	-0.4980222	-0.6121814	-0.7527741	-0.8857101	-0.96645427	-0.87626034	-0.7397226	-0.6289701	-0.51990855	-0.4403061	-0.30611557	-0.22736624	-0.10620222	0.05207803	0.06345166	0.047540195	0.1737249	0.28875265	0.4336686	0.55318373	0.6707802	0.8212677	0.8987475	1.0327564	1.14358	1.2220933	1.317832	1.4264259	1.569634	1.644998	1.6669154	1.6390128	1.5402527	1.4086986	1.2893546	1.1867542	1.0802841	0.9763737	0.8730072	0.75093937	0.6568029	0.53614354	0.3989663	0.26192087	0.115124926	0.061587308	0.18003182	0.29803345	0.38594854	0.48039663	0.53088164	0.57878906	0.62635154	0.69116664	0.7694033	0.78812605	0.8729909	0.90866727	0.96979845	1.034108	1.119959	1.1904294	1.1915364	1.2604518	1.335896	1.408489	1.4846641	1.6279423	1.7063953	1.7149293	1.61258	1.4856542	1.4013649	1.3130604	1.1955779	1.1252697	1.0502162	0.97296005	0.9002107	0.8631197	0.7870164	0.7110622	0.63849306	0.57682574	0.5044847	0.4446418	0.39306492	0.32841688	0.26452464	0.17659266	0.093474165	-0.007264592	-0.105298646	-0.20008218	-0.2977165	-0.37992185	-0.41201332	-0.47699204	-0.5351604	-0.58454907	-0.6116634	-0.67581654	-0.7539955	-0.800862	-0.87319696	-0.98129034	-1.054794	-1.1640077	-1.2890849	-1.2992405	-1.150249	-1.0275854	-0.9078125	-0.78502595	-0.69152266	-0.5693364	-0.40596065	-0.36046696	-0.35122994	-0.49632087	-0.64320093	-0.74261415	-0.8888108	-1.0083315	-1.1065437	-1.2851492	-1.3671839	-1.4559579	-1.4720584	-1.522287	-1.5902103	-1.5955317	-1.6483117	-1.7756917	-1.8101922	-1.7324107	-1.580458	-1.471685	-1.3648885	-1.2852044	-1.1775732	-1.0622841	-0.94254595	-0.7773647	-0.71725124	-0.6007025	-0.4339525	-0.3631433	-0.18320045	-0.0462962	0.061832633	0.20602256	0.3635341	0.50589967	0.62709606	0.7645584	0.87670064	0.9976339	1.141906	1.3122416	1.4040588	1.4978184	1.5176702	1.565764	1.6293484	1.6418538	1.6517072	1.6154602	1.5847259	1.524772	1.4647795	1.3875802	1.3122557	1.215938	1.1121852	1.0136702	0.8831128	0.76059145	0.6411477	0.52227825	0.4064103	0.2899315	0.17963305	0.07072112	-0.042530023	-0.16677423	-0.27042374	-0.38110337	-0.5030555	-0.61565495	-0.71842545	-0.80823654	-0.91510046	-1.0563798	-1.1616147	-1.2907242	-1.3386372	-1.263387	-1.1126281	-0.9927662	-0.87073445	-0.74892235	-0.65149856	-0.53654176	-0.41378805	-0.26813176	-0.14890695	-0.04948887	0.07220332	0.19443312	0.3564268	0.42130148	0.45213223	0.4171297	0.25039527	0.14792357	0.027517032	-0.12879464	-0.21301456	-0.30648914	-0.4272996	-0.5933626	-0.7220138	-0.8286373	-0.96523577	-1.0623944	-1.0031285	-0.86670715	-0.74173766	-0.60406876	-0.5244664	-0.4050099	-0.26115578	-0.19611989	-0.07460256	-0.057381943	-0.010286976	0.12569976	0.21040529	0.37352008	0.48520017	0.5964709	0.67497337	0.81363565	0.92443144	1.0108347	1.148358	1.230369	1.3977166	1.4529436	1.5642366	1.7221332	1.7974466	1.7126154	1.5724828	1.4660746	1.3556874	1.2172902	1.110782	0.99984634	0.92021906	0.81234944	0.7293881	0.59620005	0.4849963	0.32468972	0.24649413	0.31162292	0.49367332	0.60842055	0.72952116	0.86369884	0.9654823	1.0840266	1.2157528	1.3659734	1.4939965	1.6007385
2.1198688	2.1537175	2.1472394	2.1301744	2.0742753	1.9617934	1.96591	1.931128	1.8332353	1.7187189	1.6235803	1.526117	1.4152994	1.320882	1.2691019	1.2250433	1.1775026	1.1246016	1.0158556	0.9328656	0.8248162	0.7097591	0.5557075	0.4578075	0.3704023	0.2580371	0.1548952	0.029010244	-0.06193466	-0.18539192	-0.30246854	-0.2988287	-0.40823698	-0.5497851	-0.59962195	-0.7354768	-0.8236144	-0.8656448	-0.79377836	-0.7691825	-0.7438004	-0.6913525	-0.7245748	-0.686134	-0.59343904	-0.5049568	-0.36803514	-0.31144866	-0.15159485	-0.048703358	-0.009960265	0.14576806	0.25327948	0.310252	0.42947832	0.5376527	0.66309667	0.7176348	0.8088441	0.93197364	0.98440814	1.1413972	1.1784033	1.1309439	1.0442231	0.9332217	0.84390575	0.755885	0.6591556	0.56302583	0.4602785	0.3938968	0.3047519	0.2018419	0.07596338	-0.010033727	-0.11661318	-0.14494054	-0.041034393	0.06545602	0.17281686	0.28208083	0.35126284	0.40705886	0.46649706	0.54232484	0.61300445	0.7057099	0.7549935	0.75862116	0.7611888	0.76822805	0.73177016	0.7067089	0.6657922	0.6392036	0.5269874	0.43082154	0.35840127	0.3167984	0.21554421	0.14817616	0.04331073	-0.021987272	-0.15774217	-0.16948546	-0.06749849	0.06942832	0.15648201	0.2821065	0.32255968	0.42378154	0.5123689	0.6479772	0.7523115	0.7899935	0.8965913	0.9670261	1.1072862	1.1256111	1.1293474	1.1022744	0.96900296	0.8782433	0.7981375	0.71892756	0.6299841	0.53657943	0.4500423	0.33403444	0.21830083	0.14353223	0.03801547	-0.0687592	-0.17762284	-0.2645275	-0.39928707	-0.50690925	-0.52414507	-0.5727006	-0.64851785	-0.6917871	-0.7046918	-0.8024701	-0.7806623	-0.6472921	-0.55213743	-0.4351177	-0.34460837	-0.22634816	-0.16373129	-0.03846354	0.123366386	0.2247731	0.2715967	0.37373027	0.5432661	0.56137455	0.73426574	0.82216054	0.92809284	1.0149578	1.0463973	1.1391557	1.1974639	1.3262364	1.4404955	1.4553213	1.5083401	1.5722835	1.673783	1.7606902	1.7965174	1.8638575	1.9253942	1.9923605	2.0565841	2.0340412	2.0554368	2.1079097	2.094396	2.0459063	2.0000432	1.9156061	1.8718612	1.7897731	1.6698335	1.5874453	1.4699708	1.358507	1.2373583	1.1198598	1.0020138	0.89365274	0.761463	0.7018603	0.56890994	0.4414452	0.33299834	0.19424416	0.054026432	-0.030616911	-0.18238778	-0.2931385	-0.3834413	-0.5412913	-0.69953305	-0.8159646	-1.0042051	-1.0791175	-1.0549282	-0.9268643	-0.8296113	-0.7721845	-0.64219487	-0.55499256	-0.48310357	-0.32793245	-0.23943134	-0.16179472	-0.047284342	0.021658648	0.110161	0.26998046	0.3261437	0.48452926	0.5395074	0.6655812	0.7560469	0.8794501	1.0149184	1.024906	1.0197437	0.94940424	0.84230125	0.7174634	0.6135873	0.53461844	0.4306402	0.34096497	0.24893819	0.12418172	0.025510214	-0.08815055	-0.19431552	-0.28844884	-0.41045642	-0.507457	-0.5727761	-0.69881773	-0.79387885	-0.88668174	-1.0048839	-1.0890807	-1.1972842	-1.3231103	-1.4133568	-1.5140799	-1.6061169	-1.6818569	-1.7666097	-1.8357352	-1.9594035	-2.0773342	-2.228442	-2.3619533	-2.3120937	-2.2054524	-2.095973	-1.9879382	-1.9106613	-1.8082489	-1.756985	-1.6449791	-1.5370898	-1.4543324	-1.3706023	-1.2581269	-1.1485717	-1.0633453	-0.94937235	-0.86046463	-0.76937985	-0.65674555	-0.51306295	-0.45619947	-0.32634333	-0.2040492	-0.11695443	0.03739737	0.1334877	0.25813845	0.31470498	0.43479267	0.5882929	0.6774756	0.7242761	0.8785215	0.90254784	0.813005	0.7888619	0.87417215	0.8071488	0.71620667	0.5393615	0.3983362	0.3092599	0.25191465	0.12499113	-0.029247126	-0.11827865	-0.21341997	-0.31609747	-0.44580516	-0.5530356	-0.669363	-0.7801693	-0.85083175	-0.9332182	-1.0381627	-1.1255281	-1.2760628	-1.376395	-1.3294528	-1.1555903	-1.118975	-1.061938	-1.0192819	-1.0405633	-1.0341505	-1.016968	-0.99896485	-0.88355505	-0.8211312	-0.78222126	-0.7482078	-0.5638131	-0.549646	-0.6162238	-0.60868526	-0.6282131	-0.7062651	-0.7137085	-0.68149036	-0.7045936	-0.68933004	-0.5671561	-0.5084877	-0.5122699	-0.44549146	-0.34034732	-0.29947755	-0.41499037	-0.5472043	-0.6492321	-0.68603325	-0.7262114	-0.7815282	-0.9662819	-1.0355674	-1.0396978	-1.049025	-1.0122377	-1.0492331	-1.1040672	-1.1890187	-1.3225296	-1.3446218	-1.2636539	-1.1121668	-1.001039	-0.9032369	-0.8493777	-0.7019676	-0.69084775	-0.53759205	-0.47965202	-0.3567839	-0.20290986	-0.11488534	0.009135488	0.11833034	0.19028969	0.29887325	0.38831046	0.50440025	0.60750204	0.6995333	0.67462355	0.64580095	0.7324025	0.77640796	0.70434856	0.61691993	0.48320857	0.38391945	0.26678467	0.17739394	0.089828216	0.0025000917	-0.110195465	-0.199694	-0.37610108	-0.464676	-0.5272384	-0.59800625	-0.7095237	-0.80666006	-0.90016276	-0.9828607	-1.116042	-1.1990098	-1.3080392	-1.4231104	-1.501938	-1.6131879	-1.6963159	-1.8053676	-1.8955754	-1.9739147	-2.0523746	-2.1506577	-2.239513	-2.332441	-2.4336433	-2.3860335	-2.2011552	-2.0869026	-1.9595033	-1.8449824	-1.6889029	-1.6031454	-1.5091608	-1.4109014	-1.3238891	-1.2277673	-1.1378372	-1.0380372	-0.95148265	-0.8251605	-0.73525226	-0.6172269	-0.47829077	-0.41922703	-0.31951612	-0.23018561	-0.10759497	0.030632619	0.12082295	0.20998377	0.24386902	0.38535887	0.47412905	0.61253524	0.66267455	0.71956813	0.8565377	0.8628319	0.85075337	0.9107806	0.98801947	0.9981532	0.9223699	0.79979527	0.65079147	0.58837587	0.4738731	0.39393193	0.2741565	0.1939916	0.11569992	0.019551594	-0.09365201	-0.16226281	-0.27919903	-0.34243658	-0.46746475	-0.5531797	-0.67082334	-0.79907966	-0.9222424	-0.9369535	-0.8154775	-0.6714409	-0.5554453	-0.43592733	-0.31897497	-0.23187597	-0.1158732	0.03278213	0.08334566	0.20761599	0.35384688	0.4001544	0.52231437	0.6361593	0.75609964	0.87704015	0.95608395	1.0109218	1.0939618	1.2171012	1.3689756	1.4495727	1.5120838	1.593807	1.683561	1.7675269	1.8564461	1.9399735	2.0344167	2.064122
